1.082730650901794434e+00
9.076782464981079102e-01
-5.959583818912506104e-02
6.695768237113952637e-01
-5.792043358087539673e-02
9.047805666923522949e-01
9.532287120819091797e-01
8.757622838020324707e-01
3.823583424091339111e-01
8.405626416206359863e-01
9.264227151870727539e-01
7.384508848190307617e-01
-4.059200882911682129e-01
9.221811294555664062e-01
8.959714174270629883e-01
6.855447888374328613e-01
9.480987489223480225e-02
4.350998699665069580e-01
7.073016166687011719e-01
9.224813580513000488e-01
-1.058833003044128418e+00
5.299544334411621094e-01
4.946807920932769775e-01
2.362781018018722534e-01
8.773778080940246582e-01
8.725109696388244629e-01
9.209024906158447266e-01
-7.887806892395019531e-01
-4.167104363441467285e-01
8.469239473342895508e-01
8.079098463058471680e-01
8.646239042282104492e-01
-1.324151903390884399e-01
8.509448170661926270e-01
1.017717719078063965e+00
-5.515058040618896484e-01
3.563760966062545776e-02
2.421858012676239014e-01
2.802714407444000244e-01
1.018915534019470215e+00
8.822626471519470215e-01
7.683728337287902832e-01
-9.914790391921997070e-01
5.873361602425575256e-02
1.187997497618198395e-02
8.112319111824035645e-01
8.812694549560546875e-01
-1.068731904029846191e+00
2.725850343704223633e-01
9.397366642951965332e-01
8.438245654106140137e-01
-6.040990352630615234e-01
1.006622314453125000e+00
9.234416484832763672e-01
-3.183460831642150879e-01
8.268013596534729004e-01
3.342075273394584656e-02
8.239344358444213867e-01
9.128635525703430176e-01
8.530451655387878418e-01
8.753725290298461914e-01
-5.130232870578765869e-02
5.903056859970092773e-01
7.996697425842285156e-01
8.263533711433410645e-01
-4.840520620346069336e-01
1.003498315811157227e+00
8.136020302772521973e-01
8.468095064163208008e-01
1.051468610763549805e+00
9.425631761550903320e-01
9.338791370391845703e-01
9.306695461273193359e-01
8.961431980133056641e-01
8.319340944290161133e-01
-4.890962839126586914e-01
-1.645936220884323120e-01
-5.912140607833862305e-01
9.746866822242736816e-01
8.423396348953247070e-01
8.804053068161010742e-01
1.036201596260070801e+00
-4.617556035518646240e-01
-2.132910043001174927e-01
1.034829139709472656e+00
4.083143174648284912e-01
1.015242934226989746e+00
9.327661395072937012e-01
1.086096286773681641e+00
-4.387187063694000244e-01
9.018188714981079102e-01
-4.856548309326171875e-01
-2.624707520008087158e-01
5.517095327377319336e-01
9.272176027297973633e-01
9.493955969810485840e-01
-1.850551813840866089e-01
-4.152342379093170166e-01
8.862763643264770508e-01
1.019982218742370605e+00
9.193046689033508301e-01
5.880142748355865479e-02
1.015405058860778809e+00
7.190334796905517578e-01
-1.496619582176208496e+00
7.666433453559875488e-01
9.403650760650634766e-01
-5.770741105079650879e-01
5.852360129356384277e-01
-4.002477824687957764e-01
7.549572587013244629e-01
8.501074314117431641e-01
-4.351078718900680542e-02
8.101428151130676270e-01
3.828862607479095459e-01
4.189398884773254395e-01
-3.748973906040191650e-01
-7.055779099464416504e-01
8.531137704849243164e-01
5.164587497711181641e-01
1.062772631645202637e+00
6.557898223400115967e-02
8.624140024185180664e-01
-2.286200374364852905e-01
9.261412024497985840e-01
9.345232844352722168e-01
5.231342837214469910e-02
8.280609846115112305e-01
1.012376308441162109e+00
7.338155508041381836e-01
9.323658943176269531e-01
-6.855481266975402832e-01
8.445090055465698242e-01
4.615307152271270752e-01
8.392792940139770508e-01
-3.651422858238220215e-01
-3.731534779071807861e-01
5.322696566581726074e-01
-5.210057646036148071e-02
3.248804807662963867e-01
1.758743375539779663e-01
9.392482042312622070e-01
-1.166620492935180664e+00
-2.659466266632080078e-01
9.437776207923889160e-01
3.896573185920715332e-02
8.938086628913879395e-01
-3.656162619590759277e-01
1.016395092010498047e+00
9.903337359428405762e-01
3.434222936630249023e-01
9.492611885070800781e-01
8.773115277290344238e-01
1.005127191543579102e+00
9.249520301818847656e-01
8.188963532447814941e-01
6.999689340591430664e-01
8.314256072044372559e-01
8.609372377395629883e-01
8.295381665229797363e-01
-7.061468958854675293e-01
7.663694024085998535e-01
9.580799341201782227e-01
9.253377914428710938e-01
7.649094462394714355e-01
6.831828355789184570e-01
-1.911727786064147949e-01
7.914715409278869629e-01
8.354649543762207031e-01
4.315810501575469971e-01
7.402416467666625977e-01
-4.749557077884674072e-01
7.011642307043075562e-02
9.182010889053344727e-01
8.027060031890869141e-01
2.505350708961486816e-01
6.417135000228881836e-01
8.777160048484802246e-01
7.771425843238830566e-01
-1.019906923174858093e-01
8.039487004280090332e-01
5.625427365303039551e-01
8.100264072418212891e-01
9.359269738197326660e-01
-4.371039271354675293e-01
-3.464373648166656494e-01
8.231396675109863281e-01
7.845809459686279297e-01
5.883595943450927734e-01
9.473457932472229004e-01
-1.892134398221969604e-01
1.017441630363464355e+00
7.851845026016235352e-01
-5.153903365135192871e-01
-5.854402780532836914e-01
9.511450529098510742e-01
9.605696201324462891e-01
8.596697449684143066e-01
9.338263869285583496e-01
9.236830472946166992e-01
7.316798567771911621e-01
9.477440714836120605e-01
1.010329604148864746e+00
1.001075744628906250e+00
8.998808264732360840e-01
9.525070786476135254e-01
-2.626811861991882324e-01
6.909914612770080566e-01
9.594166278839111328e-01
5.427588820457458496e-01
1.041485071182250977e+00
-1.517768651247024536e-01
-2.452764064073562622e-01
9.794740676879882812e-01
9.803618788719177246e-01
9.532403349876403809e-01
-1.415788888931274414e+00
9.985986351966857910e-01
-6.109328866004943848e-01
9.737952351570129395e-01
9.498496353626251221e-02
9.197601079940795898e-01
5.400749444961547852e-01
-6.321732401847839355e-01
8.125770688056945801e-01
9.623726010322570801e-01
8.981757760047912598e-01
8.461515903472900391e-01
1.031938672065734863e+00
4.951305389404296875e-01
8.948015570640563965e-01
-4.204521700739860535e-02
-2.947434782981872559e-01
-7.121011614799499512e-01
9.019228816032409668e-01
-3.457626104354858398e-01
1.023110747337341309e+00
1.065890789031982422e+00
9.330731630325317383e-01
8.473626971244812012e-01
1.511763781309127808e-01
5.879492759704589844e-01
8.539025187492370605e-01
9.004466533660888672e-01
7.450739741325378418e-01
-2.549690306186676025e-01
-7.215535640716552734e-02
-1.446658968925476074e+00
7.814961671829223633e-01
-3.003385961055755615e-01
5.535345077514648438e-01
8.513474464416503906e-01
9.271891713142395020e-01
8.780797719955444336e-01
6.807407736778259277e-01
-4.248215556144714355e-01
