5.721126869320869446e-02
7.103934418410062790e-03
1.332640089094638824e-02
-3.045413270592689514e-02
-1.131332572549581528e-02
-1.960733346641063690e-02
-9.247426874935626984e-03
7.879839278757572174e-03
-1.695667803287506104e-01
-6.617753952741622925e-02
1.347607281059026718e-02
-1.334404200315475464e-01
-3.847192227840423584e-02
8.713758550584316254e-03
-3.806309401988983154e-02
-2.055984176695346832e-02
5.076315999031066895e-02
1.056138426065444946e-02
-1.028675362467765808e-01
7.932623475790023804e-02
-8.614027500152587891e-02
-4.902303963899612427e-02
-1.080395132303237915e-01
6.438940763473510742e-02
5.067147314548492432e-02
-7.813473790884017944e-02
2.860182896256446838e-02
-4.103583469986915588e-02
5.322056822478771210e-03
3.385532274842262268e-02
-3.154593333601951599e-02
5.683928355574607849e-02
-1.230602562427520752e-01
-4.663500934839248657e-02
-3.582129999995231628e-02
-8.047862350940704346e-02
-4.755935445427894592e-02
-1.253136098384857178e-01
2.671246789395809174e-02
7.043444365262985229e-02
1.136394124478101730e-02
-1.059597656130790710e-01
-8.790910243988037109e-02
2.797101996839046478e-02
3.561407700181007385e-02
5.449649319052696228e-02
8.533078432083129883e-02
1.117605343461036682e-01
9.975714981555938721e-02
-1.318377852439880371e-01
3.329124674201011658e-02
6.167167797684669495e-02
4.494830593466758728e-02
-1.935068867169320583e-04
4.020976647734642029e-02
4.799010232090950012e-02
-5.208427459001541138e-02
3.159705549478530884e-02
1.166712194681167603e-01
-2.393583953380584717e-02
9.355367720127105713e-02
5.260291323065757751e-02
-6.690779328346252441e-02
-8.315110206604003906e-02
-6.803690642118453979e-02
-6.926251947879791260e-02
8.162312209606170654e-02
1.101174354553222656e-01
-6.795158982276916504e-02
4.861547425389289856e-02
3.640425205230712891e-02
-2.372797345742583275e-03
6.248682737350463867e-02
-1.103021726012229919e-01
7.356104254722595215e-02
1.079880520701408386e-01
-8.187197893857955933e-02
1.632597413845360279e-03
-8.188701234757900238e-03
-2.540074102580547333e-02
1.325966119766235352e-01
-5.191181227564811707e-02
-9.886357933282852173e-02
-4.156923294067382812e-02
-8.249890804290771484e-02
-9.599165618419647217e-02
-1.050565205514431000e-02
-2.363437972962856293e-02
-6.069145747460424900e-04
4.530401900410652161e-03
-1.574247144162654877e-02
-1.760238260030746460e-01
1.086479201912879944e-01
-3.005015477538108826e-02
1.373284310102462769e-02
-4.357432574033737183e-02
-1.043649315834045410e-01
-1.215469539165496826e-01
4.531472921371459961e-02
6.191020831465721130e-02
-1.516208946704864502e-01
-2.099388279020786285e-02
-6.527725607156753540e-03
-4.850258678197860718e-02
-3.271790221333503723e-02
7.490538060665130615e-02
3.190013766288757324e-02
3.319545835256576538e-02
3.552696108818054199e-02
-8.333846926689147949e-03
5.230126157402992249e-02
-1.449009031057357788e-01
5.856115370988845825e-02
7.042654324322938919e-03
-8.389095216989517212e-02
-4.499962925910949707e-02
-8.359895087778568268e-03
-4.503327235579490662e-02
5.455884337425231934e-02
-4.372946172952651978e-02
3.014908730983734131e-02
9.125223010778427124e-02
-3.774544596672058105e-02
8.170229941606521606e-02
2.201136387884616852e-02
4.805141314864158630e-02
-1.441765762865543365e-02
9.052702784538269043e-02
-4.254677915014326572e-04
8.644853532314300537e-02
-3.687287494540214539e-02
4.022098332643508911e-02
-5.267309769988059998e-02
3.616952896118164062e-02
1.323247402906417847e-01
8.064523339271545410e-02
3.414607793092727661e-02
1.824179664254188538e-02
-8.901943266391754150e-02
4.274459928274154663e-02
-5.912070628255605698e-04
2.246076241135597229e-02
2.846703305840492249e-02
5.344273522496223450e-02
6.207060813903808594e-02
-5.086585134267807007e-02
5.082784965634346008e-02
-1.238166168332099915e-01
-1.444241963326931000e-02
-1.123229265213012695e-01
4.582380875945091248e-03
6.852018833160400391e-02
2.037834934890270233e-02
7.663463056087493896e-02
-1.333040595054626465e-01
1.407675072550773621e-02
-1.803793199360370636e-02
-9.861354716122150421e-03
6.396581232547760010e-02
-6.060216575860977173e-02
1.356234587728977203e-02
6.106137484312057495e-02
9.304298087954521179e-03
3.430609032511711121e-02
8.252415806055068970e-03
-7.232998311519622803e-02
1.999398879706859589e-02
2.109045349061489105e-02
1.975935511291027069e-02
5.056726932525634766e-02
4.112604260444641113e-02
5.643294192850589752e-03
1.000529527664184570e-01
-2.863553166389465332e-02
2.135786600410938263e-02
4.598691314458847046e-02
-2.452618069946765900e-02
-9.296819567680358887e-02
5.136530473828315735e-02
-2.020731568336486816e-02
-4.511290788650512695e-02
6.093794852495193481e-02
-9.001895785331726074e-02
-4.861058294773101807e-02
1.156698986887931824e-01
-3.188840672373771667e-02
-2.027905313298106194e-03
-1.291813515126705170e-02
5.462818592786788940e-02
4.099604859948158264e-02
-8.312167227268218994e-02
-7.791595906019210815e-02
-1.581906974315643311e-01
2.149382978677749634e-02
3.182623535394668579e-02
6.120865792036056519e-02
-1.049451455473899841e-01
2.754460787400603294e-03
6.339917331933975220e-02
-2.710785949602723122e-03
1.774764619767665863e-02
7.350598275661468506e-02
-7.050625048577785492e-03
-2.352020516991615295e-02
-6.073247641324996948e-02
-1.322723031044006348e-01
-2.433492802083492279e-02
-3.952211886644363403e-02
-8.038657158613204956e-02
-5.691292509436607361e-02
2.692857384681701660e-02
-1.537306904792785645e-01
1.308487504720687866e-01
5.787744652479887009e-03
5.487725511193275452e-02
-1.173806488513946533e-01
9.728662669658660889e-02
4.755480214953422546e-02
6.951008737087249756e-02
-2.141601592302322388e-01
-3.539346158504486084e-02
-6.699564307928085327e-02
-4.274776577949523926e-02
-2.004538476467132568e-01
-4.810287058353424072e-02
4.101360961794853210e-02
1.096780821681022644e-01
5.070220679044723511e-03
-2.901412546634674072e-02
1.210070922970771790e-01
-1.276649236679077148e-01
-6.888230144977569580e-02
-1.710052601993083954e-02
2.257165499031543732e-02
-4.935106635093688965e-02
-1.108013615012168884e-01
3.958780434913933277e-04
-1.236904114484786987e-01
3.493773937225341797e-02
-1.805089227855205536e-02
6.022613868117332458e-02
-8.133082836866378784e-02
-5.177445337176322937e-02
-5.752493068575859070e-02
6.270307302474975586e-02
-3.234581649303436279e-02
4.030540212988853455e-02
5.399377644062042236e-02
-1.851649731397628784e-01
-9.217622131109237671e-02
-1.978280842304229736e-01
1.549998018890619278e-02
-1.290618330240249634e-01
-1.639265567064285278e-01
4.615582525730133057e-02
5.793029442429542542e-02
