1.597648859024047852e-02
-1.562136574648320675e-03
-2.167077735066413879e-03
-1.577470800839364529e-03
-3.048445330932736397e-03
7.001378387212753296e-02
-9.333612979389727116e-04
-7.252717623487114906e-04
7.699736207723617554e-02
-5.573527305386960506e-04
-1.712685450911521912e-03
-4.401673213578760624e-04
5.128034576773643494e-02
8.004989475011825562e-03
-1.835884031606838107e-04
-3.043372370302677155e-02
1.377360615879297256e-02
3.270171955227851868e-02
-3.702990361489355564e-04
2.047075144946575165e-02
2.882349118590354919e-02
-3.804718435276299715e-04
4.244131594896316528e-02
6.718020886182785034e-02
-1.779485959559679031e-03
-1.635562279261648655e-03
9.862890467047691345e-03
-1.729412004351615906e-03
-1.683978480286896229e-03
-1.596948597580194473e-03
-2.284887246787548065e-03
-6.446160841733217239e-04
-5.677315872162580490e-03
-1.285157166421413422e-03
-2.032693009823560715e-03
-1.236662617884576321e-03
3.556436672806739807e-02
-3.374121151864528656e-03
-5.175911355763673782e-04
4.444284364581108093e-02
3.282229229807853699e-02
5.785020440816879272e-02
-2.009440911933779716e-03
-1.233847113326191902e-03
-1.071321079507470131e-03
6.383230444043874741e-03
2.833307906985282898e-02
-6.748839514330029488e-04
-1.206410815939307213e-03
5.730678513646125793e-02
-1.776948920451104641e-03
-3.983039350714534521e-04
-1.486350875347852707e-02
-3.878101706504821777e-04
7.322771847248077393e-02
-3.080134745687246323e-03
8.800887502729892731e-03
7.104779034852981567e-02
2.870721928775310516e-02
1.853682845830917358e-02
-2.577975625172257423e-03
-2.079619094729423523e-02
-1.756977988407015800e-03
-1.083003240637481213e-03
3.577248007059097290e-02
6.393623352050781250e-02
-1.219627913087606430e-03
-1.453861827030777931e-03
-2.691797446459531784e-03
-1.650159945711493492e-03
3.721824660897254944e-02
-1.348048564977943897e-03
-1.017431728541851044e-03
-5.818363744765520096e-03
3.859704732894897461e-02
-4.646348825190216303e-04
-3.013648092746734619e-04
7.922751456499099731e-02
-2.026734873652458191e-03
-5.207770736888051033e-04
-1.088833669200539589e-03
-8.201075252145528793e-04
6.827116757631301880e-02
-1.846138946712017059e-02
4.309812188148498535e-02
-1.705999486148357391e-03
-3.539601108059287071e-03
-9.776343358680605888e-04
3.117600455880165100e-02
1.372627168893814087e-02
-1.309365034103393555e-03
-4.713657253887504339e-04
-8.213334949687123299e-04
3.204606473445892334e-02
-1.161656458862125874e-03
-1.820103032514452934e-03
5.961509048938751221e-02
-1.507637090981006622e-03
3.014400415122509003e-02
4.665540903806686401e-02
4.281586036086082458e-02
-3.192035655956715345e-04
-6.452595116570591927e-04
-7.175364298745989799e-04
-1.412367564626038074e-03
-1.687652780674397945e-03
5.304168909788131714e-02
3.182502230629324913e-03
-1.022832700982689857e-03
-5.838733050040900707e-04
-9.894417598843574524e-03
-7.338249124586582184e-04
4.218255355954170227e-02
-1.874348893761634827e-02
-2.271583070978522301e-03
-1.553254085592925549e-03
-5.451527610421180725e-02
-6.732402835041284561e-04
5.440294370055198669e-02
3.210680186748504639e-02
-3.449390933383256197e-04
1.227820012718439102e-02
-2.162866061553359032e-03
-1.136490609496831894e-03
2.284215390682220459e-02
-1.549643464386463165e-03
4.011223092675209045e-02
-1.506036031059920788e-03
-4.125381819903850555e-04
8.353070588782429695e-04
-1.044597360305488110e-03
3.397674486041069031e-02
5.291029438376426697e-02
-1.255765440873801708e-03
4.411144182085990906e-02
9.383064694702625275e-03
5.388830229640007019e-02
1.245811674743890762e-02
-1.652958570048213005e-03
2.949825860559940338e-02
-1.688764779828488827e-03
-6.280455854721367359e-04
-4.864975344389677048e-04
-2.273748163133859634e-03
-1.864314777776598930e-03
1.912951655685901642e-02
7.915488630533218384e-02
-1.172141521237790585e-03
7.158460468053817749e-02
-1.030842773616313934e-03
-4.876580834388732910e-02
-1.060836599208414555e-03
-1.750749768689274788e-03
-9.445432806387543678e-04
3.853907808661460876e-02
5.085463076829910278e-02
-4.080616869032382965e-03
-1.515128300525248051e-03
-8.808356942608952522e-04
4.564655572175979614e-02
-9.386514429934322834e-04
-9.471505181863903999e-04
7.131525129079818726e-02
6.229379400610923767e-02
1.947099715471267700e-02
9.705120697617530823e-03
-6.156912422738969326e-04
-9.030204382725059986e-04
4.676721990108489990e-02
-4.237522080074995756e-04
6.104042381048202515e-02
-1.642254763282835484e-03
-1.520480029284954071e-03
-2.302903914824128151e-03
-3.708997508510947227e-03
2.636523859109729528e-04
3.492513671517372131e-02
-4.642759449779987335e-04
-1.590927829965949059e-03
-1.323785749264061451e-03
-1.555214636027812958e-03
3.907647356390953064e-02
6.458286941051483154e-02
-1.221236772835254669e-03
-1.367124379612505436e-03
6.680792570114135742e-02
-5.582094890996813774e-04
2.746079489588737488e-02
-1.067159231752157211e-03
-1.770167378708720207e-03
3.807429224252700806e-02
-5.632534157484769821e-04
2.312717959284782410e-02
-1.764704473316669464e-03
-2.074514981359243393e-03
-1.533289556391537189e-03
-1.193986507132649422e-03
8.936142921447753906e-02
-3.999372420366853476e-04
3.791820257902145386e-02
2.122192084789276123e-02
5.027133505791425705e-03
-2.528233919292688370e-03
-3.641603980213403702e-04
1.699503883719444275e-02
-5.038394592702388763e-04
-2.654244424775242805e-03
-1.710015232674777508e-03
-7.113825064152479172e-03
-1.678014232311397791e-04
-1.502583269029855728e-03
-1.360635389573872089e-03
-1.490423572249710560e-03
8.123885840177536011e-02
-6.856102496385574341e-03
6.363931298255920410e-02
-7.574194460175931454e-04
1.493051275610923767e-02
-1.118442974984645844e-02
-8.981369901448488235e-04
-1.611491548828780651e-03
-1.864093588665127754e-03
-2.504345774650573730e-02
3.044608235359191895e-02
-5.223021726123988628e-04
1.853067800402641296e-02
-1.451190793886780739e-03
4.594172537326812744e-02
-4.941885126754641533e-04
-1.918378751724958420e-03
-1.571387518197298050e-03
7.014558464288711548e-02
7.713891565799713135e-02
-1.516850432381033897e-03
-3.526959626469761133e-04
-1.824815408326685429e-03
3.371981158852577209e-02
-1.558150979690253735e-03
-1.467020716518163681e-03
8.107504993677139282e-02
-1.212505623698234558e-03
-1.353534031659364700e-02
-1.380917616188526154e-03
-1.679433626122772694e-03
-1.272299792617559433e-02
-1.490468624979257584e-03
4.081658646464347839e-02
-4.513343330472707748e-03
-1.265741884708404541e-03
-3.252181457355618477e-03
-1.603157143108546734e-03
-6.470076041296124458e-04
-1.534847775474190712e-03
-7.077640038914978504e-04
-6.303759291768074036e-04
-6.005073338747024536e-02
