6.931888461112976074e-01
-1.914286171086132526e-03
8.361231088638305664e-01
6.924889683723449707e-01
2.688123583793640137e-01
6.938994526863098145e-01
-6.005442701280117035e-04
6.942583322525024414e-01
-6.005323957651853561e-04
-1.846906729042530060e-03
-3.505248343572020531e-03
-5.748162046074867249e-03
-5.366345643997192383e-01
-7.483801455236971378e-04
6.941052675247192383e-01
-2.335883677005767822e-03
-4.256042651832103729e-03
-3.248524619266390800e-03
-1.752744428813457489e-03
-1.925903372466564178e-03
6.946925520896911621e-01
-6.144355284050107002e-04
6.937789320945739746e-01
6.948127150535583496e-01
6.916638612747192383e-01
6.948384046554565430e-01
-3.856354858726263046e-03
-4.250489640980958939e-03
-2.481748582795262337e-03
-1.856110524386167526e-03
6.914159059524536133e-01
-1.018479699268937111e-03
9.233643412590026855e-01
-3.710601478815078735e-03
6.957024931907653809e-01
6.939681172370910645e-01
-6.005364120937883854e-04
-2.296137213706970215e-01
-6.004276801832020283e-04
-3.028470557183027267e-03
-1.755625009536743164e-03
-1.964986789971590042e-03
6.928774714469909668e-01
-3.366459626704454422e-03
-6.005417089909315109e-04
-9.276431519538164139e-04
-6.005346658639609814e-04
6.948546171188354492e-01
6.929066777229309082e-01
8.997359871864318848e-01
6.940858364105224609e-01
6.953278779983520508e-01
-6.004434544593095779e-04
6.939398050308227539e-01
6.937568783760070801e-01
-2.899793442338705063e-03
-3.652404295280575752e-03
7.970798015594482422e-01
-1.855501234531402588e-01
6.946735978126525879e-01
1.083974361419677734e+00
-6.004323367960751057e-04
-6.005445611663162708e-04
-3.110103774815797806e-03
-3.679727204144001007e-03
6.933712959289550781e-01
-6.005032919347286224e-04
-3.192256204783916473e-03
-2.972794696688652039e-03
-7.220020517706871033e-03
6.952789425849914551e-01
6.947147846221923828e-01
-5.649619698524475098e-01
-3.571407403796911240e-03
6.934140920639038086e-01
6.955660581588745117e-01
6.953486204147338867e-01
6.937605738639831543e-01
1.002113938331604004e+00
-2.930342918261885643e-03
-3.278407733887434006e-03
6.920654773712158203e-01
6.931237578392028809e-01
1.105905771255493164e+00
6.959472298622131348e-01
8.883229494094848633e-01
6.941015720367431641e-01
-6.005270406603813171e-04
6.924364566802978516e-01
6.964238882064819336e-01
6.964470148086547852e-01
6.931363344192504883e-01
-6.005408358760178089e-04
6.953939199447631836e-01
-6.004018941894173622e-04
6.973975896835327148e-01
6.931024193763732910e-01
-6.005445611663162708e-04
-6.005289033055305481e-04
-5.396906286478042603e-03
-6.003875751048326492e-04
-9.547806694172322750e-04
6.942947506904602051e-01
6.940259337425231934e-01
6.936701536178588867e-01
-8.843422983773052692e-04
9.295638799667358398e-01
-3.611929947510361671e-03
7.476648092269897461e-01
6.929767727851867676e-01
-3.091804683208465576e-01
-3.689633449539542198e-03
-2.788535654544830322e-01
6.954416632652282715e-01
-2.789254533126950264e-03
6.937167644500732422e-01
6.956892013549804688e-01
-6.005461327731609344e-04
-6.002497393637895584e-04
6.931279301643371582e-01
6.948574185371398926e-01
6.945441365242004395e-01
-8.084055152721703053e-04
-1.078595756553113461e-03
-6.005446193739771843e-04
6.950182318687438965e-01
-6.002249429002404213e-04
6.933884620666503906e-01
-3.822745755314826965e-03
-6.869940757751464844e-01
-5.025655031204223633e-01
-2.265002112835645676e-03
6.945222616195678711e-01
6.960746049880981445e-01
6.937036514282226562e-01
-9.583936189301311970e-04
6.947954297065734863e-01
6.920893192291259766e-01
6.934340596199035645e-01
6.957219839096069336e-01
6.943143606185913086e-01
-3.549627959728240967e-03
6.950339078903198242e-01
8.252054452896118164e-01
-3.625744022428989410e-03
6.930046081542968750e-01
-6.005454342812299728e-04
6.949327588081359863e-01
-3.477521007880568504e-03
-6.005372270010411739e-04
-3.404662478715181351e-03
6.947032809257507324e-01
-2.421597717329859734e-03
-2.832924714311957359e-03
-4.720255732536315918e-03
-3.125114366412162781e-03
-2.336064353585243225e-03
-6.005443865433335304e-04
7.999054193496704102e-01
6.958044767379760742e-01
-3.519149264320731163e-03
-6.004912429489195347e-04
6.941077709197998047e-01
6.947311162948608398e-01
6.948868632316589355e-01
-2.904383931308984756e-03
-4.191635642200708389e-03
-2.477357164025306702e-03
1.090889811515808105e+00
6.934076547622680664e-01
6.955903768539428711e-01
6.939090490341186523e-01
6.953785419464111328e-01
-4.649534821510314941e-01
9.379754662513732910e-01
-6.012443918734788895e-04
6.931374669075012207e-01
-3.503348445519804955e-03
6.948459744453430176e-01
6.947447061538696289e-01
6.922979354858398438e-01
6.954611539840698242e-01
6.959572434425354004e-01
6.944037079811096191e-01
-3.280112287029623985e-03
6.945450305938720703e-01
-2.617364050820469856e-03
6.962150931358337402e-01
-6.005470058880746365e-04
-5.815994925796985626e-03
-3.246237523853778839e-03
-3.581224009394645691e-03
6.948585510253906250e-01
6.959947347640991211e-01
6.932048797607421875e-01
-3.387271892279386520e-03
6.956046223640441895e-01
9.857602715492248535e-01
6.937513351440429688e-01
8.525456190109252930e-01
-3.591186832636594772e-03
6.934300661087036133e-01
-6.005357136018574238e-04
6.939167380332946777e-01
-6.005441537126898766e-04
-3.354975720867514610e-03
6.962914466857910156e-01
8.224357962608337402e-01
-1.536450232379138470e-03
6.928989291191101074e-01
-5.088211037218570709e-03
-1.813329523429274559e-03
-6.005109753459692001e-04
6.943601965904235840e-01
6.934657096862792969e-01
-2.378033706918358803e-03
8.396019935607910156e-01
6.936792731285095215e-01
6.956697106361389160e-01
-6.005468894727528095e-04
-6.005266914144158363e-04
-2.871657488867640495e-03
-2.618970116600394249e-03
-3.784820204600691795e-03
-6.005460163578391075e-04
-3.717350307852029800e-03
6.938359737396240234e-01
6.819590330123901367e-01
-6.005338509567081928e-04
-4.731656983494758606e-03
-2.867994597181677818e-03
8.060469031333923340e-01
6.962317228317260742e-01
-6.005105678923428059e-04
6.938139796257019043e-01
-2.037872094660997391e-03
-3.078866982832551003e-03
-7.885152008384466171e-04
-4.299815297126770020e-01
6.941540241241455078e-01
-1.398847904056310654e-03
6.954731345176696777e-01
6.955068707466125488e-01
6.942163109779357910e-01
6.936216950416564941e-01
-7.850989932194352150e-04
8.054407835006713867e-01
-2.067275810986757278e-03
6.947883367538452148e-01
-2.798932837322354317e-03
6.932502985000610352e-01
-3.579423297196626663e-03
6.949207782745361328e-01
-6.005339673720300198e-04
6.955072879791259766e-01
6.956944465637207031e-01
