1.325800716876983643e-01
3.431679606437683105e-01
-5.307180285453796387e-01
-1.322113573551177979e-01
3.496580421924591064e-01
-2.211441844701766968e-01
-2.429916150867938995e-02
-2.209056019783020020e-01
-2.720863521099090576e-01
-2.134708911180496216e-01
3.815259411931037903e-02
-2.679416537284851074e-01
3.996084332466125488e-01
6.361887454986572266e-01
3.222001018002629280e-03
1.771630793809890747e-01
1.247042417526245117e-02
3.197665512561798096e-01
1.676388829946517944e-02
-8.581791073083877563e-02
7.835409045219421387e-02
-6.561546772718429565e-02
-3.245865106582641602e-01
-4.076083302497863770e-01
-4.316581487655639648e-01
1.932410448789596558e-01
1.263778209686279297e-01
7.467154413461685181e-02
-5.206491053104400635e-02
9.785302281379699707e-01
-1.460437476634979248e-01
-3.862733244895935059e-01
-1.766408234834671021e-01
