-2.966444240882992744e-03
2.661675214767456055e-01
-1.638492755591869354e-02
2.530425190925598145e-01
-5.827789194881916046e-03
-2.949234331026673317e-03
-2.677945652976632118e-03
-2.992654219269752502e-03
-5.686678458005189896e-03
-3.734903875738382339e-04
4.499873816967010498e-01
-3.429722506552934647e-03
-2.406930085271596909e-03
-4.166315309703350067e-03
-2.146156970411539078e-03
-2.152727730572223663e-02
2.902164757251739502e-01
4.235897585749626160e-02
-7.487177848815917969e-03
-1.234933454543352127e-02
1.133359596133232117e-01
-1.885334029793739319e-02
-4.427318461239337921e-03
-6.650544237345457077e-03
-2.761326730251312256e-02
3.959112465381622314e-01
-7.336864620447158813e-02
5.814138650894165039e-01
1.229651048779487610e-01
2.538810670375823975e-01
-2.980922115966677666e-03
-4.300533793866634369e-03
5.927362293004989624e-02
2.129359096288681030e-01
2.314367890357971191e-01
-1.152400020509958267e-02
-1.087636966258287430e-02
-1.885575591586530209e-03
3.212969601154327393e-01
-2.660667756572365761e-03
2.531998157501220703e-01
-8.907058276236057281e-03
2.712215669453144073e-02
1.977730244398117065e-01
-2.971924608573317528e-03
1.463085860013961792e-01
-9.088835678994655609e-03
2.736003696918487549e-01
1.012353003025054932e-01
8.421095460653305054e-02
-2.289642952382564545e-02
7.139804214239120483e-02
-3.743723500519990921e-03
-3.896649926900863647e-02
-2.464626915752887726e-02
3.382207080721855164e-02
1.233402863144874573e-01
1.498337090015411377e-01
5.461174249649047852e-01
3.911999166011810303e-01
-4.410564433783292770e-03
2.541992068290710449e-01
-2.183816954493522644e-02
4.519878923892974854e-01
-1.458906754851341248e-02
-1.565028564073145390e-03
2.791647911071777344e-01
-2.985440427437424660e-03
-2.114525251090526581e-02
-3.211615607142448425e-03
3.493701815605163574e-01
4.443905651569366455e-01
-2.291437610983848572e-02
1.204288974404335022e-01
-2.598858671262860298e-03
-8.575586974620819092e-02
5.490843653678894043e-01
-2.164192497730255127e-03
-1.312006614170968533e-03
-2.962954808026552200e-03
-3.067092504352331161e-03
-2.981986152008175850e-03
3.143626153469085693e-01
5.569853782653808594e-01
-2.478812122717499733e-03
-4.058178514242172241e-03
-5.283207166939973831e-03
-5.996798630803823471e-03
1.984854042530059814e-01
-1.830848981626331806e-03
-4.420347977429628372e-03
2.052350342273712158e-02
1.097762435674667358e-01
-3.486924106255173683e-03
4.404511749744415283e-01
-1.596066914498806000e-02
-4.140690900385379791e-03
1.141618788242340088e-01
-4.298852756619453430e-03
-2.990570617839694023e-03
-1.114695705473423004e-02
1.099630892276763916e-01
1.843180954456329346e-01
-1.023721881210803986e-02
-2.986174076795578003e-03
2.923271954059600830e-01
-3.772992407903075218e-03
4.265722036361694336e-01
5.226410031318664551e-01
-2.542574889957904816e-03
-2.980025019496679306e-03
2.998581826686859131e-01
9.366828203201293945e-02
-3.076675115153193474e-03
-2.807359909638762474e-03
-7.258410565555095673e-03
-3.237456455826759338e-02
-3.243900835514068604e-03
-1.530393678694963455e-02
2.208874970674514771e-01
-5.823103338479995728e-02
-1.682242192327976227e-02
-1.131029147654771805e-02
-2.979459241032600403e-03
-5.693316459655761719e-03
-2.725741593167185783e-03
-4.232032690197229385e-03
4.841109514236450195e-01
-4.678475204855203629e-03
3.730429410934448242e-01
-2.024569083005189896e-03
-3.062802832573652267e-03
-4.411691334098577499e-03
4.339776467531919479e-03
-2.073698211461305618e-03
4.894694685935974121e-01
-2.436593174934387207e-03
-4.840937443077564240e-03
-3.548340126872062683e-02
-2.994195325300097466e-03
-2.589770033955574036e-02
-1.883915858343243599e-03
-1.461268961429595947e-02
-3.451749309897422791e-02
9.116930887103080750e-04
-2.763303555548191071e-02
-2.988162450492382050e-03
8.660300821065902710e-02
-2.397775417193770409e-03
2.556725442409515381e-01
2.234168797731399536e-01
-7.881499826908111572e-03
-1.619222201406955719e-02
-2.979009179398417473e-03
3.607642650604248047e-01
2.535218000411987305e-01
4.046457707881927490e-01
-2.973072230815887451e-03
-1.206152047961950302e-02
-3.245580010116100311e-03
-1.860665902495384216e-02
-2.576313680037856102e-03
2.712275981903076172e-01
5.842902660369873047e-01
3.207829892635345459e-01
4.857588931918144226e-02
-1.946507394313812256e-02
1.052151694893836975e-01
-2.985953819006681442e-03
-3.559567965567111969e-03
-3.126979107037186623e-03
-2.107129618525505066e-02
-2.976396353915333748e-03
-6.918644066900014877e-03
2.893984615802764893e-01
-2.791487239301204681e-02
-3.347894875332713127e-03
-1.258582156151533127e-02
1.426251828670501709e-01
-6.939534097909927368e-03
-1.704716240055859089e-03
2.850557304918766022e-02
3.817898035049438477e-01
1.184098720550537109e-01
-3.499190788716077805e-03
-1.898047747090458870e-03
4.724317789077758789e-02
4.543884694576263428e-01
-8.599493652582168579e-03
-5.766526982188224792e-02
-9.944888949394226074e-02
-3.291043452918529510e-03
1.912555657327175140e-03
2.900953888893127441e-01
-8.949254639446735382e-03
1.593896299600601196e-01
-8.291341364383697510e-02
-2.669910434633493423e-03
5.650474429130554199e-01
-3.278769319877028465e-03
1.396583765745162964e-01
1.204806342720985413e-01
-9.932168573141098022e-02
3.893324136734008789e-01
-2.986597130075097084e-03
-8.849960751831531525e-03
-2.418775856494903564e-02
-2.979744691401720047e-03
3.447011411190032959e-01
4.177750349044799805e-01
-1.412177924066781998e-03
3.931203782558441162e-01
1.645935028791427612e-01
-1.115501597523689270e-01
-2.985026920214295387e-03
-2.986835781484842300e-03
4.678935930132865906e-02
3.577276598662137985e-03
-4.094050731509923935e-03
6.167887449264526367e-01
-2.950990106910467148e-03
-2.984187332913279533e-03
-2.350534312427043915e-03
1.296510398387908936e-01
1.497014015913009644e-01
-2.990543609485030174e-03
3.964576721191406250e-01
-1.465327921323478222e-03
-6.441821809858083725e-03
4.887582957744598389e-01
-2.986262552440166473e-03
3.722207248210906982e-01
-1.552780903875827789e-02
1.577238589525222778e-01
-1.503075659275054932e-02
1.341979503631591797e-01
-1.719241403043270111e-02
-2.979126293212175369e-03
1.605513989925384521e-01
3.404230624437332153e-02
-1.124649718403816223e-01
-5.220278166234493256e-03
-3.856599098071455956e-03
1.195121705532073975e-01
4.104334712028503418e-01
-1.481421850621700287e-02
-2.981185680255293846e-03
-4.459352232515811920e-03
-2.939949743449687958e-03
-2.971041947603225708e-03
4.609019458293914795e-01
-4.717492498457431793e-03
-2.991091227158904076e-03
-3.084269119426608086e-03
-3.480585757642984390e-03
3.390435576438903809e-01
