4.353301227092742920e-02
-5.572309251874685287e-03
5.356241390109062195e-02
-2.132084034383296967e-02
-6.901782751083374023e-02
-9.433540515601634979e-03
-1.476384997367858887e-01
-1.071227863430976868e-01
5.856139585375785828e-02
-1.172617003321647644e-01
-2.751580998301506042e-02
1.788878627121448517e-02
1.756841838359832764e-01
-7.451470941305160522e-02
6.258328910917043686e-03
-1.062250602990388870e-02
1.244953088462352753e-02
-9.589561820030212402e-02
-2.186585962772369385e-02
-6.519632786512374878e-02
-8.206836879253387451e-02
1.945590786635875702e-02
-7.744368165731430054e-02
1.199021115899085999e-01
1.363732516765594482e-01
-9.016527235507965088e-02
-4.072917997837066650e-02
-5.271584913134574890e-02
3.422964215278625488e-01
4.241269826889038086e-01
-5.312742665410041809e-02
-9.152528643608093262e-02
-2.122105099260807037e-02
-1.012517809867858887e-01
-8.738229423761367798e-02
5.373275876045227051e-01
-4.298985004425048828e-02
-3.036640025675296783e-02
-8.647063374519348145e-02
2.673952654004096985e-02
-6.643804162740707397e-02
-3.249310702085494995e-02
-5.110796540975570679e-02
-4.560854658484458923e-02
-8.489266037940979004e-02
4.958938434720039368e-02
-4.337376356124877930e-02
3.595189377665519714e-02
1.056313589215278625e-01
-7.236965745687484741e-02
-8.677543699741363525e-02
9.642082150094211102e-04
-7.942397892475128174e-02
-4.874170199036598206e-02
1.351557858288288116e-02
-8.598707616329193115e-02
4.467436373233795166e-01
-8.083684369921684265e-04
-3.609320521354675293e-02
6.329455971717834473e-02
-4.487827420234680176e-02
7.587876915931701660e-02
-4.489096254110336304e-02
-3.077411092817783356e-02
4.237987101078033447e-01
-1.052406430244445801e-01
-1.663882583379745483e-01
-7.968873530626296997e-02
-4.616200551390647888e-02
-1.060067266225814819e-01
-9.060575813055038452e-02
3.025578148663043976e-02
3.728427290916442871e-01
-2.095898985862731934e-02
3.905205726623535156e-01
2.690544724464416504e-01
6.934688240289688110e-02
-1.078040227293968201e-01
5.029692053794860840e-01
9.435355663299560547e-02
1.725288666784763336e-02
5.105434656143188477e-01
-8.386798202991485596e-02
5.677239894866943359e-01
3.329408168792724609e-01
-4.300790652632713318e-02
-6.020224466919898987e-02
5.635992288589477539e-01
-1.048209369182586670e-01
-5.864576250314712524e-02
-1.780021749436855316e-02
4.676891267299652100e-01
-7.833244651556015015e-02
-8.486538380384445190e-02
2.953638434410095215e-01
5.229923725128173828e-01
-7.975656539201736450e-02
-5.953498929738998413e-02
-1.287850141525268555e-01
-8.594089746475219727e-02
-9.905669838190078735e-02
-7.706138491630554199e-02
1.675329916179180145e-02
-3.881995379924774170e-02
-7.104390114545822144e-02
-5.158294364809989929e-02
-1.447902154177427292e-02
-5.588232353329658508e-02
-6.080038473010063171e-02
4.873513281345367432e-01
2.239035069942474365e-02
2.139516472816467285e-01
-3.139249607920646667e-02
-3.524592518806457520e-02
4.290648102760314941e-01
-6.676488369703292847e-02
-3.045838139951229095e-02
-8.184723556041717529e-02
-8.019691705703735352e-02
-8.956696838140487671e-02
1.139545142650604248e-01
-3.757326677441596985e-02
4.548962786793708801e-02
-2.569261938333511353e-02
-5.966613441705703735e-02
-5.874653533101081848e-02
-1.087337546050548553e-02
-9.785836935043334961e-02
-8.649335056543350220e-02
-7.993710786104202271e-02
-2.790060639381408691e-02
-3.014311194419860840e-02
-1.027643904089927673e-01
-1.793813542462885380e-03
5.261201858520507812e-01
6.315573304891586304e-02
-1.023091152310371399e-01
-5.260182917118072510e-02
1.225013136863708496e-01
3.051361814141273499e-02
-6.470905989408493042e-02
3.021946549415588379e-01
-7.053947448730468750e-02
-6.506219506263732910e-02
5.052239298820495605e-01
-6.063509359955787659e-02
-4.524211212992668152e-02
1.413027197122573853e-01
-1.174824684858322144e-01
-9.447809308767318726e-02
-1.426094491034746170e-02
-3.845711052417755127e-02
4.097524657845497131e-02
2.425958514213562012e-01
-9.131576120853424072e-02
-5.194375291466712952e-02
-4.373958706855773926e-02
1.617304794490337372e-02
-1.009980663657188416e-01
9.838192723691463470e-03
4.873445630073547363e-01
8.689251728355884552e-03
-1.014661788940429688e-01
-3.653139621019363403e-02
6.823786348104476929e-02
-1.294662654399871826e-01
-5.766328796744346619e-02
-1.014820188283920288e-01
-1.199592575430870056e-01
-6.870565563440322876e-02
-5.304532498121261597e-02
-2.519527450203895569e-02
-5.030434951186180115e-02
-7.143096625804901123e-02
-9.644944220781326294e-02
-1.077511906623840332e-01
-2.067588828504085541e-02
-5.420685932040214539e-02
-6.196777895092964172e-02
4.315663129091262817e-03
1.376814395189285278e-01
-7.413249462842941284e-02
-4.894031584262847900e-02
-1.009362712502479553e-01
6.501665804535150528e-03
-9.823861718177795410e-02
-1.600585132837295532e-02
-5.511704087257385254e-02
5.779882147908210754e-02
5.695621296763420105e-02
5.572728514671325684e-01
-3.565833717584609985e-02
-6.225124746561050415e-02
-8.128938078880310059e-02
-4.127657972276210785e-03
-8.917352557182312012e-02
-1.190381348133087158e-01
2.264327108860015869e-01
7.701234519481658936e-02
-7.168927788734436035e-02
5.043107271194458008e-01
-5.876783281564712524e-02
2.033905237913131714e-01
3.784191012382507324e-01
-7.574317604303359985e-02
-7.762326300144195557e-02
-1.207548752427101135e-02
-9.958890080451965332e-02
1.653762012720108032e-01
4.906430244445800781e-01
-2.628697268664836884e-02
-9.456894546747207642e-02
-7.177753001451492310e-02
-4.057958349585533142e-02
-5.582242459058761597e-02
-6.362188607454299927e-02
-8.620119094848632812e-02
-8.520683646202087402e-02
2.444658726453781128e-01
4.477306008338928223e-01
-6.693319231271743774e-02
-7.463246583938598633e-02
-4.525420814752578735e-02
-5.750906839966773987e-02
-4.806172847747802734e-02
-1.068154871463775635e-01
-1.380788069218397141e-02
6.814432889223098755e-02
-1.260502338409423828e-01
-6.934149563312530518e-02
-1.120456382632255554e-01
2.793684005737304688e-01
1.100952737033367157e-02
-7.858909666538238525e-02
-4.573419690132141113e-02
4.908142387866973877e-01
1.153524443507194519e-01
-6.904896348714828491e-02
-4.166622832417488098e-02
-1.582633703947067261e-02
-3.703796863555908203e-02
4.574271440505981445e-01
4.883839190006256104e-01
1.243560854345560074e-02
-1.006537228822708130e-01
-4.720759019255638123e-02
9.406049549579620361e-02
9.480753540992736816e-02
-5.392963811755180359e-02
-2.996074780821800232e-02
-1.144874617457389832e-01
3.038877844810485840e-01
-3.425749018788337708e-02
-6.284286081790924072e-02
-2.358119934797286987e-02
-6.000110507011413574e-02
