1.046484857797622681e-01
-1.023750752210617065e-01
-1.938564777374267578e-01
-6.150332465767860413e-02
-4.539251327514648438e-02
-9.234244376420974731e-02
-3.125153109431266785e-02
-3.608546778559684753e-02
-5.972925201058387756e-02
1.624952070415019989e-02
1.182858366519212723e-03
1.441652178764343262e-01
-1.352032572031021118e-01
-1.061579361557960510e-01
1.128938794136047363e-02
-7.420527935028076172e-02
-8.219387382268905640e-02
-4.197378084063529968e-02
-3.617424517869949341e-02
1.246947649633511901e-04
1.100638061761856079e-01
-1.483652740716934204e-01
-4.888606071472167969e-02
1.754266954958438873e-02
-2.552189119160175323e-02
8.201689273118972778e-02
9.950736165046691895e-02
-4.923826828598976135e-02
2.015779167413711548e-02
5.854272097349166870e-02
-6.054146215319633484e-02
-8.421163260936737061e-02
-6.577220559120178223e-02
1.539859026670455933e-01
-3.518617525696754456e-02
-1.321498900651931763e-01
-2.520611323416233063e-02
-4.027434438467025757e-02
-1.788296401500701904e-01
1.560527645051479340e-02
-8.570028841495513916e-02
-1.035516522824764252e-02
-1.392448320984840393e-02
-2.076915204524993896e-01
-9.594687074422836304e-02
-2.536717802286148071e-02
-1.261893939226865768e-02
-9.874439239501953125e-02
-1.415359675884246826e-01
-1.029319614171981812e-01
2.843733876943588257e-02
-5.399318039417266846e-02
-2.676816098392009735e-02
-1.091880444437265396e-02
-1.442489176988601685e-01
-3.937964141368865967e-02
-5.611883103847503662e-02
1.214686874300241470e-02
1.108214259147644043e-02
-1.864952035248279572e-02
-8.793853223323822021e-02
-1.432769596576690674e-01
-1.561348559334874153e-03
-7.098022103309631348e-02
-6.885948777198791504e-02
-5.841476470232009888e-02
7.258273661136627197e-02
1.168013736605644226e-01
-1.162311434745788574e-02
-1.165290027856826782e-01
3.891881322488188744e-03
-1.350426971912384033e-01
-8.456683158874511719e-02
-1.447052601724863052e-02
-4.978246241807937622e-02
-6.651233136653900146e-02
-1.272953003644943237e-01
-1.246224716305732727e-01
-8.844722807407379150e-02
-1.032787710428237915e-01
-6.007540039718151093e-03
-3.131287917494773865e-02
2.262097969651222229e-02
-1.170461922883987427e-01
-1.073944265954196453e-03
-4.538201913237571716e-02
4.502797033637762070e-03
1.001122524030506611e-03
-1.057325303554534912e-01
-2.087178640067577362e-02
-1.543793380260467529e-01
-6.047778204083442688e-02
-9.752885997295379639e-02
-2.060115523636341095e-02
-2.540078200399875641e-02
-3.920482099056243896e-02
-3.869809210300445557e-02
-2.767345868051052094e-03
-2.539206854999065399e-02
-7.626088708639144897e-02
-2.960932813584804535e-02
8.009811863303184509e-03
-8.080939203500747681e-02
4.976288974285125732e-02
7.669818401336669922e-02
-2.005458623170852661e-02
-4.249440133571624756e-02
-1.739662885665893555e-02
9.711054712533950806e-02
-7.512548565864562988e-02
-1.941021159291267395e-02
-6.759620457887649536e-02
-6.328397989273071289e-02
3.181973472237586975e-02
-6.358524411916732788e-02
4.668388143181800842e-02
7.506103068590164185e-02
-1.040719226002693176e-01
4.752714186906814575e-02
-4.578449949622154236e-02
-8.316692709922790527e-02
-8.463064581155776978e-02
3.083905018866062164e-02
5.370727553963661194e-02
8.274567127227783203e-02
-8.716151863336563110e-02
-4.143184795975685120e-02
-4.426493495702743530e-02
-1.078140065073966980e-01
-1.561146825551986694e-01
-7.298194617033004761e-02
-3.000322170555591583e-02
-8.597496151924133301e-02
2.007798999547958374e-01
5.807456374168395996e-02
-9.774055331945419312e-02
2.862880192697048187e-02
-2.766485884785652161e-02
-6.888015568256378174e-02
-2.352267131209373474e-02
-4.899834282696247101e-03
-1.297842562198638916e-01
-5.981391668319702148e-02
7.607889920473098755e-02
-1.675606518983840942e-01
8.387491852045059204e-02
1.514938101172447205e-02
-1.119099780917167664e-01
2.530215308070182800e-03
-2.602637931704521179e-02
2.483608759939670563e-02
2.852670475840568542e-02
-3.276260569691658020e-02
1.034589391201734543e-02
-6.431985646486282349e-02
1.109625771641731262e-01
-2.340481616556644440e-02
-1.277828961610794067e-01
-3.610337525606155396e-02
2.338751405477523804e-02
-1.315023452043533325e-01
7.659185677766799927e-02
-1.984993070363998413e-01
-1.009032726287841797e-01
3.317114710807800293e-02
-2.201764099299907684e-02
-3.014500066637992859e-02
-8.736872673034667969e-02
-2.369352243840694427e-02
4.803092684596776962e-03
3.434909880161285400e-02
8.649343252182006836e-02
-1.046117022633552551e-01
-5.577759072184562683e-02
6.556024402379989624e-02
-2.441182173788547516e-02
-2.698604762554168701e-02
-1.310712993144989014e-01
-7.932889461517333984e-02
-1.867362111806869507e-01
-1.239943280816078186e-01
2.567256614565849304e-02
9.385029552504420280e-04
-1.316779404878616333e-01
-6.585787236690521240e-02
-7.552658021450042725e-02
1.195887941867113113e-02
3.652111859992146492e-03
-4.590266570448875427e-02
1.406804025173187256e-01
-7.999151945114135742e-02
-4.738655313849449158e-02
-7.310850080102682114e-03
-1.285675317049026489e-01
-8.720738440752029419e-02
-2.122707106173038483e-02
-1.244459822773933411e-01
3.136668354272842407e-02
-2.291639000177383423e-01
-4.503709077835083008e-02
3.239124640822410583e-02
-9.053858369588851929e-02
-1.070437207818031311e-01
-1.425300836563110352e-01
-5.040457844734191895e-02
-1.824450795538723469e-03
-1.407032161951065063e-01
-1.934381946921348572e-02
-6.235180422663688660e-02
9.667723439633846283e-03
5.450641736388206482e-03
1.233105361461639404e-02
-1.036392524838447571e-01
2.515911683440208435e-02
-1.364824771881103516e-01
-1.515292823314666748e-01
1.269381400197744370e-02
-3.909881040453910828e-02
2.862917445600032806e-02
-2.372807078063488007e-02
-1.778237521648406982e-01
-1.597645282745361328e-01
-4.006060585379600525e-02
-5.722463503479957581e-02
-9.357830882072448730e-02
-6.173761561512947083e-02
-1.048859432339668274e-01
-5.114495754241943359e-02
4.249146580696105957e-02
1.429336797446012497e-02
-1.579816192388534546e-01
-1.333849728107452393e-01
-8.368808031082153320e-02
-2.327326871454715729e-02
-4.129028692841529846e-02
-1.089824438095092773e-01
-9.961841255426406860e-02
-1.504159420728683472e-01
5.742066539824008942e-03
-8.016563951969146729e-02
8.757437765598297119e-02
-9.869087487459182739e-03
-9.911706671118736267e-03
-7.443773746490478516e-02
6.137244869023561478e-03
1.500665396451950073e-01
-9.003283455967903137e-03
-5.958884209394454956e-02
-4.988012090325355530e-02
-1.613095286302268505e-03
-1.988259553909301758e-01
1.467682141810655594e-02
3.530701389536261559e-03
-1.553839445114135742e-02
1.568657718598842621e-02
-4.256241396069526672e-02
