-4.869155958294868469e-02
2.630766928195953369e-01
3.706832528114318848e-01
-5.754208937287330627e-02
-5.747437104582786560e-02
-6.239348277449607849e-02
-5.511790513992309570e-02
-8.804854005575180054e-02
-6.769197992980480194e-03
-2.931831032037734985e-02
-4.228082299232482910e-02
-5.175521224737167358e-02
-2.348299883306026459e-02
-2.790006436407566071e-02
-3.378070518374443054e-02
-1.469823066145181656e-02
-6.206795200705528259e-02
2.671153545379638672e-01
1.002548933029174805e-01
-4.797816276550292969e-02
-5.822082981467247009e-02
-9.022103995084762573e-02
-6.063068285584449768e-02
-1.006043553352355957e-01
-1.144915893673896790e-01
3.436123579740524292e-02
-7.125350832939147949e-02
-1.870530843734741211e-02
1.973312348127365112e-01
-9.166868776082992554e-02
-6.506194174289703369e-02
-7.648905366659164429e-02
-7.856184989213943481e-02
-5.980140715837478638e-02
-8.867116272449493408e-02
-3.345340117812156677e-02
-4.661414399743080139e-02
-6.274456530809402466e-02
-4.030622169375419617e-02
-5.579980462789535522e-02
-6.772292405366897583e-02
-5.705965310335159302e-02
-7.016832381486892700e-02
-1.428453475236892700e-01
-4.610037803649902344e-02
2.352193295955657959e-01
4.525997936725616455e-01
1.826196908950805664e-02
-6.831014156341552734e-02
-2.555009350180625916e-02
-3.411493822932243347e-02
2.142416834831237793e-01
2.076541632413864136e-01
-5.760371312499046326e-02
-4.537486657500267029e-02
-4.389667510986328125e-02
-3.104472067207098007e-03
-1.060203090310096741e-01
-6.172935292124748230e-02
3.420937061309814453e-01
-4.564679041504859924e-02
-1.036671572364866734e-03
-1.192387714982032776e-01
-3.864443302154541016e-02
-3.962664678692817688e-02
-8.151102066040039062e-02
-5.510074272751808167e-02
-5.018461495637893677e-02
-4.906570166349411011e-02
1.909808255732059479e-02
-3.278583288192749023e-02
-1.079521849751472473e-01
-5.255814269185066223e-02
-6.956789176911115646e-03
-5.742752179503440857e-02
-5.959175899624824524e-02
1.401803791522979736e-01
-1.537334471940994263e-01
3.435751199722290039e-01
8.412176370620727539e-02
-2.986909821629524231e-02
-8.175473660230636597e-02
-6.433044373989105225e-02
-5.476383119821548462e-02
-1.807330548763275146e-01
3.523072926327586174e-03
-8.810154348611831665e-02
-8.480719476938247681e-02
-2.570951916277408600e-02
-6.220098584890365601e-02
-5.656980723142623901e-02
-2.551362477242946625e-02
-7.712347060441970825e-02
-8.431034535169601440e-02
-5.407435074448585510e-02
-4.239160194993019104e-02
6.251546144485473633e-01
-5.943254008889198303e-02
-8.221869915723800659e-02
-8.418682962656021118e-02
-7.118910551071166992e-02
-4.445807635784149170e-02
-1.138201653957366943e-01
-7.991337776184082031e-02
-1.162190660834312439e-01
-8.228685706853866577e-02
-7.304294407367706299e-02
3.473414480686187744e-02
-8.423138409852981567e-02
-6.222825869917869568e-02
-4.593608155846595764e-02
-6.856278330087661743e-02
-5.060069635510444641e-02
-4.421897698193788528e-03
2.579203844070434570e-01
7.476640492677688599e-02
-6.720412522554397583e-02
-5.753580480813980103e-02
-4.063359275460243225e-02
-7.011238485574722290e-02
-4.059911519289016724e-02
-7.311362028121948242e-02
-2.925005182623863220e-02
-6.774520128965377808e-02
5.250884592533111572e-02
-1.569640785455703735e-01
-5.223888903856277466e-02
1.399058997631072998e-01
-1.230280008167028427e-02
-5.037606880068778992e-02
-1.983682066202163696e-02
-2.698151208460330963e-02
4.699684381484985352e-01
-5.182100459933280945e-02
-9.332141280174255371e-02
2.392011731863021851e-01
-6.467482447624206543e-02
-4.542983323335647583e-02
-5.459411814808845520e-02
-6.302522122859954834e-02
9.626382589340209961e-02
-4.553649201989173889e-02
-5.614596605300903320e-02
5.103296041488647461e-01
-1.223185881972312927e-01
3.377829864621162415e-02
-6.051985546946525574e-02
1.103979721665382385e-01
-8.827826380729675293e-02
-5.966073274612426758e-02
-7.818703353404998779e-02
-2.734875865280628204e-02
-8.986878395080566406e-02
-1.117344945669174194e-02
-4.457938671112060547e-02
-5.513621494174003601e-02
-8.795487135648727417e-02
2.982410490512847900e-01
-1.188758015632629395e-02
-5.576746165752410889e-02
-1.049836501479148865e-01
8.968477137386798859e-03
1.474215388298034668e-01
-4.589102417230606079e-02
1.913901716470718384e-01
-9.618646651506423950e-02
-1.137100383639335632e-01
5.260161757469177246e-01
-1.089759767055511475e-01
-6.468935310840606689e-02
4.872964620590209961e-01
-7.641094923019409180e-02
4.224949702620506287e-02
-3.737557679414749146e-02
-1.428481489419937134e-01
-7.633269578218460083e-02
-2.720255777239799500e-02
-4.817651957273483276e-02
3.928201738744974136e-03
-9.326188266277313232e-02
-2.615070901811122894e-02
-2.537484094500541687e-02
1.248462423682212830e-01
-8.882423490285873413e-02
-7.142259925603866577e-02
-4.186239838600158691e-02
-8.198650926351547241e-02
-1.572395674884319305e-02
-6.815945357084274292e-02
-5.844553560018539429e-02
-5.562797188758850098e-02
-4.271298274397850037e-02
-1.107329949736595154e-01
-1.150110587477684021e-01
-4.199481382966041565e-02
1.887787878513336182e-01
-2.950307540595531464e-02
5.028528571128845215e-01
-9.163462556898593903e-03
1.184402871876955032e-02
-4.328025504946708679e-02
-7.408663630485534668e-02
-7.001131027936935425e-02
2.284345626831054688e-01
-5.411517992615699768e-02
-3.800813108682632446e-02
-1.018300577998161316e-01
-9.303963929414749146e-02
-6.166224554181098938e-02
-3.911350667476654053e-02
-6.815970875322818756e-03
-5.130549892783164978e-02
-4.421089217066764832e-02
-4.989337548613548279e-02
-4.664712399244308472e-02
1.582429409027099609e-01
-1.114968582987785339e-02
-1.248617842793464661e-01
-7.701582461595535278e-02
-9.324280917644500732e-02
-5.895031243562698364e-02
-8.447813987731933594e-02
3.058789484202861786e-02
-7.533384114503860474e-02
-6.631750613451004028e-02
-3.207065910100936890e-02
-7.979538291692733765e-02
-7.088669389486312866e-02
2.584310434758663177e-02
-2.769577875733375549e-02
-5.971011519432067871e-02
-8.462326228618621826e-02
-6.251227855682373047e-02
-1.314870715141296387e-01
-7.381952553987503052e-02
-9.144857525825500488e-02
4.407453238964080811e-01
-6.406498700380325317e-02
-5.807711929082870483e-02
2.190669812262058258e-02
5.203868746757507324e-01
-6.858237832784652710e-02
-2.010258659720420837e-02
2.215541452169418335e-01
-7.459741085767745972e-02
-1.636474579572677612e-01
1.825369745492935181e-01
2.897832989692687988e-01
3.858679831027984619e-01
9.596994519233703613e-02
-9.125461429357528687e-02
-6.686859577894210815e-02
4.754330217838287354e-02
-5.250119417905807495e-02
-4.910054802894592285e-02
-5.511614307761192322e-02
