2.759652137756347656e-01
2.243144810199737549e-01
2.657850086688995361e-01
3.247240483760833740e-01
-2.499276697635650635e-01
-2.672857642173767090e-01
2.321185916662216187e-01
2.071757167577743530e-01
1.872919648885726929e-01
2.289548814296722412e-01
2.104299962520599365e-01
2.558218240737915039e-01
2.428298294544219971e-01
4.363965988159179688e-02
8.061170578002929688e-02
2.336581796407699585e-01
1.192845851182937622e-01
1.616451591253280640e-01
2.106777280569076538e-01
-1.960799992084503174e-01
2.711913585662841797e-01
9.376121312379837036e-02
1.968827247619628906e-01
1.813291460275650024e-01
1.287310719490051270e-01
2.803870439529418945e-01
6.619127839803695679e-02
-1.755450814962387085e-01
1.673242002725601196e-01
-2.951695322990417480e-01
1.083651185035705566e-01
2.293537557125091553e-01
2.694461941719055176e-01
9.328143298625946045e-02
2.985152900218963623e-01
-1.959935873746871948e-01
2.554301917552947998e-01
6.513855606317520142e-02
3.112719953060150146e-01
2.656283378601074219e-01
1.257979720830917358e-01
2.115520238876342773e-01
2.036139070987701416e-01
1.035974174737930298e-01
2.584628164768218994e-01
1.963710635900497437e-01
3.066730797290802002e-01
1.552815884351730347e-01
2.576554119586944580e-01
2.512497901916503906e-01
2.074615657329559326e-01
2.478734701871871948e-01
1.710610836744308472e-02
-2.351338118314743042e-01
2.081450372934341431e-01
2.604983150959014893e-01
2.448904663324356079e-01
2.873623967170715332e-01
-2.717204689979553223e-01
2.607310712337493896e-01
2.863336503505706787e-01
1.630555279552936554e-02
2.284840643405914307e-01
1.096464768052101135e-01
-1.795942038297653198e-01
1.863469630479812622e-01
2.648895382881164551e-01
-3.094975650310516357e-01
2.545861005783081055e-01
-1.477069407701492310e-01
8.662187308073043823e-02
-3.470213711261749268e-01
-2.924343943595886230e-01
8.482871204614639282e-02
1.169717088341712952e-01
-2.594743967056274414e-01
2.638802230358123779e-01
1.807957738637924194e-01
1.298968642950057983e-01
3.166368007659912109e-01
2.265122532844543457e-01
2.177623361349105835e-01
1.416669934988021851e-01
1.485502570867538452e-01
2.638842761516571045e-01
2.917956709861755371e-01
2.639651596546173096e-01
1.777127683162689209e-01
1.362511664628982544e-01
1.410124450922012329e-01
1.133237108588218689e-01
2.243825942277908325e-01
-3.341591358184814453e-01
-2.663314640522003174e-01
2.455949634313583374e-01
3.208360671997070312e-01
-1.082180887460708618e-01
3.125989139080047607e-01
2.176285535097122192e-01
6.943944096565246582e-02
1.414516419172286987e-01
2.604589164257049561e-01
2.655267119407653809e-01
5.405345186591148376e-02
-3.121045231819152832e-01
1.864074170589447021e-01
2.307598888874053955e-01
-2.433695793151855469e-01
1.639046519994735718e-01
1.263859122991561890e-01
2.077836245298385620e-01
1.135729923844337463e-01
1.731586307287216187e-01
2.565343677997589111e-01
1.702136546373367310e-02
2.471983134746551514e-01
2.301953136920928955e-01
2.773252725601196289e-01
2.340334653854370117e-01
2.920313179492950439e-01
1.528666615486145020e-01
-1.583554595708847046e-01
2.193371951580047607e-01
1.994153857231140137e-01
1.865115016698837280e-01
2.371068745851516724e-01
1.929416358470916748e-01
1.891872286796569824e-01
-1.660763621330261230e-01
2.351590394973754883e-01
2.287223488092422485e-01
2.936605215072631836e-01
3.088604509830474854e-01
2.364514768123626709e-01
1.091982126235961914e-01
-1.211332082748413086e-01
-2.174472957849502563e-01
1.249583885073661804e-01
3.010869622230529785e-01
2.767367362976074219e-01
2.902644872665405273e-01
1.688685864210128784e-01
3.191761076450347900e-01
2.885237038135528564e-01
1.366007328033447266e-01
-4.039022605866193771e-03
1.574733760207891464e-03
2.407175153493881226e-01
2.450505346059799194e-01
2.198270410299301147e-01
2.031125873327255249e-01
-2.297522276639938354e-01
7.276919484138488770e-02
2.809289395809173584e-01
-1.239191624335944653e-03
2.769351601600646973e-01
2.415724694728851318e-01
2.682962715625762939e-01
-1.452564001083374023e-01
2.458963096141815186e-01
2.332063913345336914e-01
2.790129184722900391e-01
2.262337505817413330e-01
2.697526812553405762e-01
2.074730843305587769e-01
-8.401018381118774414e-02
2.806891500949859619e-01
2.440246343612670898e-01
8.567739278078079224e-03
-2.567231059074401855e-01
3.209730684757232666e-01
1.569680124521255493e-01
2.144024670124053955e-01
-1.751650571823120117e-01
-3.310641646385192871e-01
2.211675643920898438e-01
1.737163066864013672e-01
-2.705070376396179199e-01
-1.437818408012390137e-01
1.370610445737838745e-01
2.621165812015533447e-01
2.312990874052047729e-01
2.509152293205261230e-01
2.629850804805755615e-01
-1.977747827768325806e-01
-1.671410202980041504e-01
1.439731121063232422e-01
-2.613090872764587402e-01
-2.969092726707458496e-01
2.247896045446395874e-01
1.181312426924705505e-01
3.186769187450408936e-01
2.904438972473144531e-01
2.093917131423950195e-01
3.062074184417724609e-01
1.219722181558609009e-01
9.145060926675796509e-02
2.237765341997146606e-01
1.777528673410415649e-01
2.332565486431121826e-01
2.226410359144210815e-01
2.133001685142517090e-01
2.805677652359008789e-01
1.834181547164916992e-01
1.962239146232604980e-01
2.147724181413650513e-01
1.121133472770452499e-02
-2.307030707597732544e-01
1.635079830884933472e-01
6.651212275028228760e-02
-1.782736182212829590e-01
1.221689432859420776e-01
3.253939449787139893e-01
1.756506413221359253e-01
1.963818818330764771e-02
2.769912779331207275e-01
1.798887103796005249e-01
1.933883875608444214e-01
9.490248560905456543e-02
2.438160628080368042e-01
3.382928371429443359e-01
2.853922545909881592e-01
2.725302875041961670e-01
2.765197753906250000e-01
2.681074440479278564e-01
3.004739582538604736e-01
1.854249984025955200e-01
1.453643888235092163e-01
1.895151734352111816e-01
2.221330851316452026e-01
2.131953984498977661e-01
1.427965909242630005e-01
2.879479527473449707e-01
-2.547449767589569092e-01
9.245572984218597412e-02
3.156538605690002441e-01
2.390075773000717163e-01
2.967047691345214844e-01
2.667151391506195068e-01
-2.040920853614807129e-01
1.741536110639572144e-01
1.407232880592346191e-01
2.871240675449371338e-01
2.124049812555313110e-01
-2.513734400272369385e-01
3.250798583030700684e-01
1.315019130706787109e-01
9.833549708127975464e-02
3.216062486171722412e-01
2.923150956630706787e-01
3.265132009983062744e-01
2.006853669881820679e-01
3.146721720695495605e-01
1.461130827665328979e-01
1.549505889415740967e-01
2.897736728191375732e-01
