8.876969665288925171e-02
2.081611156463623047e-01
2.332643121480941772e-01
4.076381623744964600e-01
2.309300601482391357e-01
3.036384582519531250e-01
3.013572394847869873e-01
-2.815373241901397705e-01
3.251864016056060791e-01
3.328447043895721436e-01
-2.304311990737915039e-01
2.482312619686126709e-01
4.728297889232635498e-02
3.074998268857598305e-03
3.180359303951263428e-01
6.173888593912124634e-02
2.935733087360858917e-02
1.301339566707611084e-01
-2.348189949989318848e-01
3.662747442722320557e-01
-6.690336763858795166e-02
-4.136468470096588135e-02
4.652227833867073059e-02
5.855695158243179321e-02
-2.819569595158100128e-02
-8.919656276702880859e-02
6.078193336725234985e-02
-3.755457699298858643e-02
1.231977157294750214e-02
-2.821150124073028564e-01
3.781701028347015381e-01
2.714115381240844727e-01
1.943302527070045471e-02
-1.098658293485641479e-01
-1.839512735605239868e-01
2.180845588445663452e-01
3.010303974151611328e-01
-1.308563053607940674e-01
2.138204872608184814e-01
2.333581447601318359e-01
-2.887744084000587463e-02
2.735767662525177002e-01
-2.983467187732458115e-03
2.198738604784011841e-01
-1.331213861703872681e-01
-1.600630730390548706e-01
-2.220447957515716553e-01
2.179391533136367798e-01
-4.129979610443115234e-01
5.275508388876914978e-02
1.531413346529006958e-01
8.439649641513824463e-02
-2.069575935602188110e-01
9.376380592584609985e-02
1.899477988481521606e-01
2.271898984909057617e-01
-2.248206138610839844e-01
1.455702632665634155e-02
-8.740473538637161255e-02
-8.072372525930404663e-02
-1.111296787858009338e-01
1.275322884321212769e-01
2.650244534015655518e-01
-3.225667178630828857e-01
3.567113773897290230e-03
4.088229537010192871e-01
8.998544886708259583e-03
-1.396371424198150635e-02
3.377319872379302979e-01
-1.597202271223068237e-01
4.616031348705291748e-01
-1.037025600671768188e-01
4.078802093863487244e-02
2.689287662506103516e-01
1.290957778692245483e-01
8.839386701583862305e-02
2.041620463132858276e-01
-2.983280122280120850e-01
4.051558077335357666e-01
2.441914230585098267e-01
-4.929974675178527832e-02
3.313216567039489746e-01
9.805282950401306152e-02
2.105849534273147583e-01
3.092686831951141357e-01
3.156599700450897217e-01
1.020460873842239380e-01
-1.440855562686920166e-01
-7.887191325426101685e-02
-3.296202048659324646e-02
7.509983330965042114e-02
-2.197372764348983765e-01
-1.401057839393615723e-01
2.367436885833740234e-02
1.079171001911163330e-01
2.231509983539581299e-01
-2.505348920822143555e-01
2.649606764316558838e-01
-1.541418284177780151e-01
2.353409826755523682e-01
-7.497899234294891357e-03
2.445274740457534790e-01
3.010254502296447754e-01
7.329171150922775269e-02
3.669587075710296631e-01
-1.631266623735427856e-01
-3.005985617637634277e-01
1.906726062297821045e-01
2.152573168277740479e-01
-3.448110818862915039e-02
-1.697367280721664429e-01
2.798216938972473145e-01
2.270393669605255127e-01
4.505031928420066833e-02
4.124648123979568481e-02
-1.177413389086723328e-01
1.714889407157897949e-01
2.086189687252044678e-01
3.822334408760070801e-01
-2.094559818506240845e-01
4.033964276313781738e-01
2.009566128253936768e-01
-4.030849039554595947e-02
-1.124816834926605225e-01
3.158584833145141602e-01
1.322229802608489990e-01
-8.199669420719146729e-02
1.063052192330360413e-01
2.718360424041748047e-01
1.804991215467453003e-01
1.976610869169235229e-01
2.379153221845626831e-01
4.671585932374000549e-02
-9.616551920771598816e-03
1.223900541663169861e-01
-1.656283624470233917e-02
6.765343248844146729e-02
2.316407263278961182e-01
-2.829854562878608704e-02
3.256511390209197998e-01
2.774541499093174934e-03
-7.876578718423843384e-02
-2.363563776016235352e-01
1.807864904403686523e-01
-3.106949031352996826e-01
-2.206199467182159424e-01
2.571417391300201416e-01
2.579795718193054199e-01
5.404689162969589233e-02
3.007321059703826904e-01
1.478705108165740967e-01
2.504858970642089844e-01
2.724105119705200195e-01
1.473080068826675415e-01
-2.031453549861907959e-01
2.108837664127349854e-01
2.237943559885025024e-01
2.871426045894622803e-01
3.279692828655242920e-01
1.408214420080184937e-01
1.929569989442825317e-01
4.329565763473510742e-01
3.038513362407684326e-01
1.353845465928316116e-02
6.030277162790298462e-02
2.639985084533691406e-01
-4.006131365895271301e-02
1.871474683284759521e-01
3.768163621425628662e-01
2.582640051841735840e-01
1.733295805752277374e-02
5.791622027754783630e-02
3.551829233765602112e-02
-1.037597209215164185e-01
8.312442898750305176e-02
2.370046377182006836e-01
-2.415903955698013306e-01
-1.411065608263015747e-01
1.835497468709945679e-02
-3.060736358165740967e-01
1.745456084609031677e-02
-7.842147350311279297e-02
-1.236914098262786865e-01
-8.172829635441303253e-03
3.174563348293304443e-01
2.636745758354663849e-02
1.565012335777282715e-01
-3.309049606323242188e-01
-7.880914211273193359e-02
1.794116944074630737e-01
8.676712960004806519e-02
-1.250419616699218750e-01
-1.966936886310577393e-01
2.906894981861114502e-01
-2.578239142894744873e-01
-8.413776755332946777e-02
-2.076700516045093536e-02
-1.592862308025360107e-01
5.635850876569747925e-02
2.348216772079467773e-01
1.028922423720359802e-01
-1.053826361894607544e-01
-1.669352650642395020e-01
-1.208770871162414551e-01
2.472324222326278687e-01
2.757024466991424561e-01
-3.224616348743438721e-01
4.764320328831672668e-02
1.355732679367065430e-01
9.912528097629547119e-02
-1.240191012620925903e-01
3.187970221042633057e-01
-2.195611409842967987e-02
2.872670590877532959e-01
1.234844848513603210e-01
1.085539981722831726e-01
-3.679282963275909424e-01
1.871789433062076569e-02
-1.646970063447952271e-01
2.268416993319988251e-02
-4.278653115034103394e-02
-8.220352977514266968e-02
-1.616056412458419800e-01
3.844662010669708252e-01
2.770479917526245117e-01
1.719502210617065430e-01
1.465545687824487686e-02
-2.394096106290817261e-01
1.882392615079879761e-01
6.541251391172409058e-02
-3.832435980439186096e-02
1.500721573829650879e-01
-2.971415817737579346e-01
-5.037517100572586060e-02
3.611878156661987305e-01
1.673715561628341675e-01
-2.412165105342864990e-01
-7.705359160900115967e-02
3.117528557777404785e-01
-2.792937755584716797e-01
-2.786488533020019531e-01
-3.172854185104370117e-01
4.014201462268829346e-01
7.726766169071197510e-03
-2.747169137001037598e-01
-4.385325312614440918e-01
9.308337420225143433e-02
2.318065315485000610e-01
1.688785403966903687e-01
3.049046546220779419e-02
-1.250823587179183960e-01
-2.659527398645877838e-02
3.281444013118743896e-01
3.829406499862670898e-01
-2.230761200189590454e-01
3.011307716369628906e-01
