2.362974733114242554e-01
8.708444237709045410e-02
1.063251718878746033e-01
-7.988073229789733887e-01
4.493242874741554260e-02
1.274407356977462769e-01
-3.991770371794700623e-02
-7.741104811429977417e-02
1.821989268064498901e-01
-9.400655031204223633e-01
3.848414123058319092e-01
3.582856804132461548e-02
1.370010804384946823e-02
3.531221151351928711e-01
-1.820310503244400024e-01
-4.472804442048072815e-02
7.198543846607208252e-02
-1.539027094841003418e-01
-1.576851457357406616e-01
-6.715711671859025955e-03
-1.197563260793685913e-01
1.128584444522857666e-01
8.136928826570510864e-02
-4.043763130903244019e-02
1.212522536516189575e-01
8.742576837539672852e-02
5.841462407261133194e-03
-2.951263450086116791e-03
-3.384010121226310730e-02
8.698906004428863525e-02
1.470449417829513550e-01
9.715936332941055298e-02
-1.237382888793945312e-01
