-2.694755637222387337e-04
5.054524506067773967e-03
-1.022926180031012190e-03
-2.037850954358586680e-02
1.654775772140107751e-02
-2.821735036770338101e-01
6.231453320261697293e-01
-3.482648265558560552e-01
-2.301549507539342107e-02
1.207467600143633316e-02
-4.679447270131791708e-02
-3.060563506278174972e-01
6.419932988715878475e-01
-3.404683301909004478e-01
5.476892183190106705e-02
2.069929666729787999e-03
7.962424543222785395e-04
-9.478719189966646613e-03
1.074497798401868008e-02
-1.480604708698328095e-02
-7.317483999761504980e-03
-2.739094114154096301e-04
-1.503220635973113789e-03
-1.765928370595635719e-02
2.217488455929543176e-02
-1.846184247584361712e-02
1.436549133930454690e-03
-7.467244828085208008e-02
8.457440087449644844e-03
-5.384861910389482773e+02
-4.243856911212866407e+02
7.958635836792131713e+00
-6.307407873305701074e+00
-2.783539050657313663e+00
-8.583100723797240761e+00
1.428211654839067479e-01
