1.000000000000000021e-02
1.000000000000000021e-02
1.000000000000000021e-02
1.000000000000000021e-02
1.000000000000000021e-02
1.472008228170256297e-02
1.738944671647147527e-02
1.075723362019028254e-02
1.000000000000000021e-02
1.000000000000000021e-02
1.000000000000000021e-02
1.448126605519907059e-02
2.105840114410672745e-02
1.121387784092189172e-02
1.000000000000000021e-02
2.262115995082256831e-02
5.542525470548229777e-02
3.342546219694743082e-01
9.854020666321685606e-01
3.545557985645463317e-01
1.183289010657344320e-01
1.893732364212367611e-02
7.276291833274763088e-02
3.453422902736675848e-01
1.064721188177691014e+00
3.561078262268554950e-01
1.499090053564280656e-01
4.580135273364930315e-01
5.418842781188677460e-01
1.899149505993171783e-01
1.924579713758730881e-01
3.609852529925687559e-02
