1.000000000000000021e-02
1.000000000000000021e-02
1.000000000000000021e-02
1.000000000000000021e-02
1.000000000000000021e-02
1.664738511178056463e-02
1.532803454517867384e-02
1.088145979471132237e-02
1.000000000000000021e-02
1.000000000000000021e-02
1.000000000000000021e-02
1.627377962410380546e-02
1.421261744115382385e-02
1.012705107184131564e-02
1.000000000000000021e-02
1.063953822008579381e-02
1.159824081626687625e-01
3.122672485917220020e-01
5.497796455550281181e-01
2.912062562445071334e-01
1.402898287457750304e-01
1.000000000000000021e-02
9.998840546574404298e-02
3.206602333507533875e-01
5.421481704788750910e-01
2.658927594876229206e-01
1.536029346611219870e-01
1.000000000000000021e-02
2.816515484011596418e-02
1.000000000000000021e-02
5.001060383174976698e-01
4.998929932576002266e-01
2.051687832395809527e-02
