-3.169942433301928437e-03
3.076799061697866721e-03
1.808087095201353980e-02
1.298365961441244653e-03
8.186207691789244845e-03
-2.072001096498245903e-02
1.593396092908624592e-02
-2.264713833207262963e-03
-3.233559465193044241e-03
1.691251796917307704e-03
7.240020010347326951e-03
-1.970203540251044827e-02
1.636570589113850796e-02
-3.404120020558052719e-03
3.271484536368933927e-03
4.404298257471895434e-03
1.176459529329790645e-03
-5.888300970016188858e-03
6.765104697995323949e-03
-4.121129884766565853e-03
1.219354311246334012e-02
-9.875603528377017645e-03
-1.647285673872120326e-02
-4.366208890825097610e-03
-1.566366888559361792e-02
1.413854849898107599e-03
-1.086818947283010352e-02
-2.685861890117748930e-03
-2.963593233369261025e-03
2.151021751152963537e-03
-4.651388440505613980e-03
1.291967967989235237e-02
4.469500891879194145e-03
-2.130380303935946150e-03
2.474412561763089657e-03
-1.808087095201353980e-02
-1.298365961441244653e-03
-3.965129187125214227e-01
9.173734330061523723e-01
-5.242606719495602752e-01
2.264713833207262963e-03
3.233559465193044241e-03
-1.691251796917307704e-03
-3.955667310310999607e-01
9.163554574436778566e-01
-5.246924169115253500e-01
3.404120020558052719e-03
-3.271484536368933927e-03
-4.404298257471895434e-03
-1.176459529329790645e-03
3.058883009692639487e-01
2.932348953012351989e-01
1.504121129881071051e+00
-1.282193543109293676e+00
-9.901243964691562871e-01
1.647285673872120326e-02
-9.956337911066406310e-01
1.566366888559361792e-02
-1.413854849898107599e-03
1.086818947283010352e-02
-2.973141381091423119e-01
-2.970364067658938234e-01
-1.502151021747355708e+00
1.274651388437350930e+00
9.870803203175064766e-01
-4.469500891879194145e-03
1.002130380301334389e+00
-2.474412561763089657e-03
-2.985577625052850299e-03
1.844184672576289869e-04
-3.078655011196116970e-03
5.051749994531782445e-02
-3.327449457450518816e-02
1.684817197110029816e-04
2.645629809203159377e-03
4.990081155105601050e-04
-4.051446142883655642e-03
5.181013179026448118e-02
-3.515875489015399952e-02
6.845759262657958189e-04
-4.434409234376883593e-05
9.422204995116433696e-03
-7.037048359104840440e-04
1.057028542990062639e-04
-8.668350721700040671e-04
-1.115832151447212822e-03
-1.483796271856110656e-03
2.765698985229224621e-03
-2.435087331936075256e-03
1.333366041073678421e-03
3.026243138021998853e-03
3.644140624666397741e-03
2.445967400609355691e-02
3.184182650330519282e-04
-1.423365922413502788e-03
-2.822975867250140437e-04
1.360169386869782351e-03
1.779807443774423462e-03
-3.030341451705779749e-03
8.837556170023710272e-04
-8.037216824106150747e-04
