-5.344852060079574585e-02
-2.728666737675666809e-02
2.507009543478488922e-03
-2.596483193337917328e-02
-3.420737385749816895e-02
-3.051384910941123962e-02
1.699024997651576996e-02
1.344656920991837978e-03
3.606979548931121826e-02
-7.221266627311706543e-02
-6.020286306738853455e-02
-6.519699818454682827e-04
-5.257857032120227814e-03
-1.009191945195198059e-02
6.964987516403198242e-02
-3.274571150541305542e-02
-3.499551862478256226e-02
-3.753209859132766724e-02
4.254494979977607727e-02
7.759311050176620483e-02
-6.465517915785312653e-03
1.104659400880336761e-02
-6.104924902319908142e-02
1.784181658877059817e-04
-3.392089530825614929e-02
4.866813868284225464e-02
2.160620875656604767e-02
7.293005287647247314e-02
1.404831651598215103e-03
-6.294578313827514648e-03
8.851537480950355530e-03
-3.243193030357360840e-02
-2.372895739972591400e-02
-2.856116741895675659e-02
-1.500733662396669388e-03
-7.845725864171981812e-02
-3.324369713664054871e-02
-3.935851156711578369e-02
1.442536525428295135e-02
-7.690159138292074203e-03
-1.997150667011737823e-02
-1.070429291576147079e-02
5.332330614328384399e-02
-4.118787869811058044e-02
-1.585174724459648132e-02
2.608819492161273956e-02
6.260051578283309937e-02
-3.703005611896514893e-03
-8.946009911596775055e-03
-2.202540449798107147e-02
4.175991192460060120e-02
-9.700553491711616516e-04
-7.768644136376678944e-04
4.312355443835258484e-02
2.191198430955410004e-02
-1.026499550789594650e-02
-3.197121992707252502e-02
-7.852640002965927124e-03
2.513327868655323982e-03
3.476490452885627747e-02
2.395955286920070648e-02
6.670311838388442993e-02
-5.221709981560707092e-02
7.152044214308261871e-03
-5.413196608424186707e-02
-3.681486845016479492e-02
5.134127289056777954e-02
6.403391063213348389e-02
-2.529861778020858765e-02
2.026107249548658729e-04
6.334367394447326660e-02
7.390192151069641113e-02
-5.454214662313461304e-02
2.199144661426544189e-02
8.525155717507004738e-04
-1.736639440059661865e-02
6.632902473211288452e-02
-3.113236092031002045e-02
-1.816025376319885254e-02
7.163459062576293945e-02
-3.075778298079967499e-02
-3.506495803594589233e-02
-1.828907988965511322e-02
-2.148035727441310883e-02
-2.846585959196090698e-02
-4.865901544690132141e-02
2.636965923011302948e-02
1.576034724712371826e-02
-9.205342084169387817e-02
-3.769956529140472412e-02
1.488804910331964493e-02
-2.751902490854263306e-02
-2.770118415355682373e-02
-1.222101971507072449e-02
-3.643725439906120300e-02
-3.396274521946907043e-02
1.518387463875114918e-03
1.797903701663017273e-02
1.127407327294349670e-02
4.838459193706512451e-03
-1.872138492763042450e-02
-1.424610055983066559e-02
1.381545444019138813e-03
-1.944475620985031128e-02
7.363602635450661182e-04
2.502849511802196503e-02
1.071752794086933136e-02
-1.738877408206462860e-02
-7.472170889377593994e-02
2.782927453517913818e-02
-6.211011111736297607e-02
2.185808122158050537e-02
3.111559431999921799e-03
1.195007283240556717e-02
1.555694174021482468e-02
-1.535827992483973503e-03
1.275815162807703018e-02
1.275858934968709946e-02
-5.366504192352294922e-02
-6.672999355942010880e-03
1.424806658178567886e-02
3.632519394159317017e-03
1.106315664947032928e-02
-4.424505680799484253e-02
2.474537119269371033e-02
-9.337354451417922974e-03
2.883072569966316223e-02
-3.351363539695739746e-02
-1.963532157242298126e-02
-2.793295122683048248e-02
-1.242768135853111744e-03
-5.377087369561195374e-02
7.824330776929855347e-02
4.224334552418440580e-04
-2.210383303463459015e-02
8.622231893241405487e-03
4.543433710932731628e-02
1.736426725983619690e-02
-3.075601160526275635e-02
-1.806082017719745636e-02
5.450687184929847717e-02
2.029930986464023590e-02
-4.011729732155799866e-02
5.007623136043548584e-02
2.093520946800708771e-02
-2.050518244504928589e-02
-4.396688193082809448e-02
-9.999707341194152832e-03
-5.499467998743057251e-02
2.298517338931560516e-02
5.247413646429777145e-04
-2.390720183029770851e-03
5.217388644814491272e-02
1.970205828547477722e-02
5.406303331255912781e-02
2.598305605351924896e-02
-5.898336693644523621e-02
-1.321535464376211166e-02
-5.634737014770507812e-02
-4.674244672060012817e-03
-2.616515941917896271e-02
3.064325265586376190e-02
-6.099707260727882385e-02
-3.786979243159294128e-03
1.697184890508651733e-02
5.425693932920694351e-03
1.230612862855195999e-02
-3.301330434624105692e-04
1.736599951982498169e-02
2.482739649713039398e-02
1.617896370589733124e-02
-7.220805156975984573e-03
-4.305713251233100891e-02
-3.129354864358901978e-02
8.065982908010482788e-02
-2.914600633084774017e-02
1.252235751599073410e-02
2.285316027700901031e-02
1.900990679860115051e-02
3.434317186474800110e-02
3.235033154487609863e-02
1.366616878658533096e-02
4.207904636859893799e-02
1.135161891579627991e-02
2.131066657602787018e-02
-3.103199601173400879e-02
4.985947534441947937e-02
-1.173373404890298843e-02
1.602546870708465576e-02
-5.666089802980422974e-02
-3.458617255091667175e-02
2.788249216973781586e-02
-2.109719067811965942e-02
3.805295005440711975e-02
-3.520132228732109070e-02
1.362031442113220692e-03
9.391539730131626129e-03
-6.194534897804260254e-02
2.580049820244312286e-02
6.074199336580932140e-04
7.849187590181827545e-03
-8.771790191531181335e-03
-2.979813143610954285e-03
1.570342294871807098e-02
3.687931224703788757e-02
-3.523893281817436218e-02
4.272223636507987976e-02
-1.054892968386411667e-02
-1.944722421467304230e-02
-4.863250534981489182e-03
-6.172474846243858337e-02
-4.004244133830070496e-02
-3.340276330709457397e-02
9.215082228183746338e-02
1.396263483911752701e-02
3.386940062046051025e-02
-4.881529603153467178e-03
6.360372900962829590e-02
-1.802743040025234222e-02
6.157886609435081482e-02
6.380075123161077499e-03
-1.868247613310813904e-02
9.162420406937599182e-03
-3.557018563151359558e-02
-3.048620373010635376e-02
-5.340661853551864624e-02
3.359476104378700256e-02
3.679276909679174423e-03
3.450295329093933105e-02
3.131845593452453613e-02
2.657322026789188385e-02
-2.630741894245147705e-02
-5.604390427470207214e-02
1.532084681093692780e-02
-1.894166134297847748e-02
3.710293909534811974e-03
3.212359733879566193e-03
-3.705305978655815125e-02
1.024338416755199432e-02
-1.555372588336467743e-02
-4.322195425629615784e-02
-4.859554767608642578e-02
9.170467033982276917e-03
-5.546801537275314331e-02
-2.428960055112838745e-02
-2.965787239372730255e-02
-1.493789022788405418e-03
6.875244528055191040e-02
2.435926906764507294e-02
-7.527119945734739304e-03
2.379345335066318512e-02
1.424619462341070175e-02
-1.556828035973012447e-03
4.834617674350738525e-02
-1.248145103454589844e-02
3.868089755997061729e-03
