3.110536336898803711e-01
9.066312015056610107e-02
7.896824926137924194e-02
3.088225424289703369e-01
-2.952288687229156494e-01
2.986796796321868896e-01
1.339462101459503174e-01
-4.091537296772003174e-01
-2.897395789623260498e-01
3.546211123466491699e-01
3.945796787738800049e-01
-2.885797619819641113e-01
3.510922491550445557e-01
-3.527150303125381470e-02
2.739494144916534424e-01
2.580584287643432617e-01
-4.444389045238494873e-01
1.066960096359252930e-01
1.905554234981536865e-01
-2.993398010730743408e-01
4.069869220256805420e-01
-1.780612319707870483e-01
3.236396014690399170e-01
-1.672277152538299561e-01
-1.541340351104736328e-01
-1.514318287372589111e-01
-2.822045683860778809e-01
1.257345527410507202e-01
-3.629882931709289551e-01
3.205486238002777100e-01
-3.428385853767395020e-01
-7.063720375299453735e-02
-4.539125263690948486e-01
3.149264156818389893e-01
3.874509036540985107e-01
2.656176388263702393e-01
-2.648843228816986084e-01
-2.149910330772399902e-01
-2.511796951293945312e-01
2.866688370704650879e-01
-1.748918145895004272e-01
-3.408415913581848145e-01
-4.849582910537719727e-01
4.780383110046386719e-01
3.716606795787811279e-01
2.044087946414947510e-01
1.846089810132980347e-01
4.582453984767198563e-03
9.942582994699478149e-02
1.452953815460205078e-01
-9.071034938097000122e-02
-5.939568858593702316e-03
-2.436061650514602661e-01
4.240256547927856445e-01
3.730640113353729248e-01
2.547405660152435303e-01
-1.393255293369293213e-01
3.798287510871887207e-01
1.826205551624298096e-01
-9.573113173246383667e-02
-3.273194730281829834e-01
-2.872730791568756104e-01
1.813301295042037964e-01
1.305033564567565918e-01
-8.474339544773101807e-02
1.737388223409652710e-01
3.380927741527557373e-01
3.232487738132476807e-01
3.285133838653564453e-01
-1.155485957860946655e-01
-2.567931115627288818e-01
3.146947920322418213e-01
3.323026001453399658e-01
-3.927180767059326172e-01
-3.028038516640663147e-02
3.280143439769744873e-01
-4.831162691116333008e-01
-1.682832688093185425e-01
1.757452636957168579e-01
-2.224752902984619141e-01
3.083187639713287354e-01
-1.444636881351470947e-01
3.509809672832489014e-01
-1.831266283988952637e-01
2.882363796234130859e-01
-3.490690886974334717e-01
-2.753918468952178955e-01
-3.209771811962127686e-01
-1.609308123588562012e-01
8.750091493129730225e-02
2.031507790088653564e-01
-2.027114033699035645e-01
2.424489110708236694e-01
-1.591517180204391479e-01
3.226319849491119385e-01
1.945828348398208618e-01
-3.239700496196746826e-01
2.309426069259643555e-01
1.119699627161026001e-01
-5.258007347583770752e-02
-4.836071729660034180e-01
2.533619999885559082e-01
3.309769034385681152e-01
1.812441945075988770e-01
-4.983061850070953369e-01
1.834593117237091064e-01
-2.430818825960159302e-01
-3.650316894054412842e-01
-3.118368685245513916e-01
-2.025386840105056763e-01
-3.053568005561828613e-01
3.203597366809844971e-01
2.282143533229827881e-01
-8.776197582483291626e-02
3.023778498172760010e-01
3.572200834751129150e-01
3.518678545951843262e-01
4.323394000530242920e-01
2.860812842845916748e-01
-3.087027966976165771e-01
3.308755755424499512e-01
3.686925470829010010e-01
-3.152657300233840942e-02
-2.513584494590759277e-01
2.899585664272308350e-01
-3.382836580276489258e-01
2.174780517816543579e-01
1.163190454244613647e-01
-4.225702583789825439e-02
-2.386114746332168579e-01
1.498309522867202759e-02
3.768922388553619385e-01
3.163211345672607422e-01
2.885324321687221527e-02
3.846599459648132324e-01
-4.452441036701202393e-01
2.795676290988922119e-01
2.964184284210205078e-01
1.914114952087402344e-01
-3.625766187906265259e-02
3.156843185424804688e-01
-2.904910147190093994e-01
2.219175100326538086e-01
-4.856134355068206787e-01
4.057922959327697754e-01
1.726228445768356323e-01
-3.821983635425567627e-01
-2.499476671218872070e-01
2.262234538793563843e-01
2.847224175930023193e-01
-2.869150638580322266e-01
-1.648652255535125732e-01
2.170662730932235718e-01
1.167964786291122437e-01
3.321402892470359802e-02
3.392227888107299805e-01
1.224523261189460754e-01
2.824221178889274597e-02
1.289081759750843048e-02
-3.644303977489471436e-01
-2.867543995380401611e-01
-4.202203154563903809e-01
-2.566230893135070801e-01
-2.573172152042388916e-01
3.212059140205383301e-01
2.723104059696197510e-01
1.451166272163391113e-01
-4.404453933238983154e-01
3.335865437984466553e-01
4.499782025814056396e-01
-1.007489264011383057e-01
4.261943325400352478e-02
-2.350650876760482788e-01
-5.377265438437461853e-02
-3.484250903129577637e-01
2.579479813575744629e-01
3.471913337707519531e-01
1.164348572492599487e-01
2.292483747005462646e-01
4.955562651157379150e-01
2.003906965255737305e-01
-3.437061607837677002e-01
-4.384191334247589111e-02
4.265203773975372314e-01
-4.194149076938629150e-01
2.858081161975860596e-01
-2.426946163177490234e-01
4.260289967060089111e-01
1.936824917793273926e-01
-2.989203035831451416e-01
2.183005511760711670e-01
-2.061441838741302490e-01
-1.521715819835662842e-01
-1.227525621652603149e-02
2.241797447204589844e-01
-4.318829178810119629e-01
3.437058925628662109e-01
3.967975080013275146e-01
4.130055606365203857e-01
3.416066169738769531e-01
-3.563277125358581543e-01
-2.392438799142837524e-01
-4.014836847782135010e-01
2.959283888339996338e-01
6.151479110121726990e-02
-3.850014507770538330e-01
2.268982678651809692e-01
2.733205556869506836e-01
-1.815845221281051636e-01
-8.429894596338272095e-02
-1.034188494086265564e-01
4.764279723167419434e-01
3.321353495121002197e-01
2.896916866302490234e-01
2.367717027664184570e-01
-1.874812990427017212e-01
-6.431483477354049683e-02
-4.459773004055023193e-01
2.796115353703498840e-02
9.872400015592575073e-02
-2.245969623327255249e-01
-1.316295713186264038e-01
3.969353437423706055e-01
5.559170991182327271e-02
-3.075657188892364502e-01
-1.155286505818367004e-01
3.689401447772979736e-01
-2.073619067668914795e-01
2.753642499446868896e-01
-5.274140089750289917e-02
4.022180736064910889e-01
-4.891336858272552490e-01
-4.137442708015441895e-01
-1.112900301814079285e-01
3.549098074436187744e-01
-2.124991267919540405e-01
1.534218993037939072e-02
-1.450536102056503296e-01
-1.507601290941238403e-01
-1.818608939647674561e-01
4.253481626510620117e-01
-1.918748952448368073e-02
-8.761804550886154175e-02
-1.472851485013961792e-01
-3.918415307998657227e-01
3.866872191429138184e-01
-3.773777484893798828e-01
3.199084103107452393e-01
3.514171540737152100e-01
3.556420505046844482e-01
2.132253721356391907e-02
-2.877911329269409180e-01
4.416546523571014404e-01
-1.944458633661270142e-01
3.199576735496520996e-01
-2.577260136604309082e-01
