5.067724734544754028e-02
-8.209645003080368042e-02
3.242350369691848755e-02
-4.499936848878860474e-02
-5.385385453701019287e-02
-5.497701093554496765e-02
-1.041077673435211182e-01
-3.352478519082069397e-02
-5.347845330834388733e-02
-4.028901457786560059e-02
-1.158217787742614746e-01
3.618819639086723328e-02
-8.958798646926879883e-02
8.011804893612861633e-04
-4.086241871118545532e-02
8.496436290442943573e-03
2.707349509000778198e-02
-2.296749874949455261e-02
4.741030745208263397e-03
-1.261308938264846802e-01
-6.883942056447267532e-03
3.033060766756534576e-02
-7.281865924596786499e-02
1.222049221396446228e-01
-2.104195766150951385e-02
6.253284960985183716e-02
-3.192953765392303467e-02
-9.828745573759078979e-02
-5.454495549201965332e-04
-5.059812683612108231e-04
1.067225635051727295e-01
5.932467058300971985e-02
-8.944619446992874146e-02
3.578423988074064255e-03
-4.745476692914962769e-02
5.070353671908378601e-02
-9.542388468980789185e-02
9.321061894297599792e-03
-3.984210267663002014e-02
-7.265019416809082031e-02
4.251130670309066772e-02
-7.379478961229324341e-02
1.314411778002977371e-02
-5.672960728406906128e-02
-9.367734193801879883e-02
-6.889632344245910645e-02
4.297550301998853683e-03
-4.217528551816940308e-02
-3.698661923408508301e-02
-9.331692941486835480e-03
-4.602117091417312622e-02
-3.204176574945449829e-02
-3.531989082694053650e-02
-6.321685854345560074e-03
-2.709873579442501068e-02
-6.554015725851058960e-02
-1.330898981541395187e-02
1.357442699372768402e-03
-7.493251562118530273e-02
3.975930809974670410e-02
-3.978124633431434631e-02
-1.442103553563356400e-02
6.849265657365322113e-03
-7.425586134195327759e-02
-6.826221197843551636e-02
-1.226099655032157898e-01
-1.184943988919258118e-01
-3.996902331709861755e-02
-1.419866643846035004e-02
1.778674125671386719e-02
-1.799593120813369751e-02
8.596719056367874146e-02
4.652779921889305115e-02
-1.534041203558444977e-02
-6.005396321415901184e-02
-3.422826156020164490e-02
5.610694363713264465e-02
-4.204916581511497498e-02
8.538609743118286133e-02
-1.792485453188419342e-02
-1.891703903675079346e-02
-4.937819391489028931e-02
1.819828711450099945e-02
-3.456506878137588501e-02
3.467386960983276367e-02
-5.678010173141956329e-03
5.060602724552154541e-02
3.392670303583145142e-02
8.336108294315636158e-04
1.740897819399833679e-02
-3.301554173231124878e-02
-9.068126976490020752e-02
-2.008660323917865753e-02
-1.887230575084686279e-02
-7.889864593744277954e-02
1.885162107646465302e-02
-1.237927824258804321e-01
-2.074792236089706421e-02
-8.222708106040954590e-02
-2.801425382494926453e-02
2.164440788328647614e-02
-7.730290293693542480e-03
4.884559288620948792e-02
-1.489634346216917038e-02
1.902792789041996002e-02
1.407460868358612061e-02
-3.428894653916358948e-02
-3.785120323300361633e-02
2.387273125350475311e-02
3.550547733902931213e-02
-3.942158073186874390e-02
4.119328781962394714e-02
-2.914969623088836670e-02
-7.257281988859176636e-02
9.678486734628677368e-03
1.467161695472896099e-03
-8.076529204845428467e-02
1.128383260220289230e-02
-3.645999357104301453e-02
-7.636065781116485596e-02
-8.700322359800338745e-03
-1.854781620204448700e-02
-1.366587262600660324e-02
-1.543551683425903320e-02
-2.050782926380634308e-02
-3.822702169418334961e-02
-2.282196469604969025e-02
-1.197695266455411911e-02
7.497944682836532593e-02
6.327360123395919800e-02
-6.001188233494758606e-02
-6.044104322791099548e-02
-5.577129125595092773e-02
-3.317967290058732033e-03
1.306019257754087448e-02
-5.182795599102973938e-02
1.616822741925716400e-02
-6.110473349690437317e-02
-4.835737869143486023e-02
-5.311361327767372131e-02
-5.597537755966186523e-02
-8.199395984411239624e-02
-1.409335900098085403e-02
-2.318178117275238037e-02
-1.773796975612640381e-02
-9.110708534717559814e-02
-7.749930024147033691e-02
-7.417274266481399536e-02
-2.654188312590122223e-02
8.846926689147949219e-02
-4.563269764184951782e-02
-3.137356787919998169e-02
5.655484646558761597e-02
2.466856129467487335e-02
-3.580436343327164650e-03
-9.090437740087509155e-02
-1.625962182879447937e-02
-6.567166000604629517e-02
-3.635133057832717896e-02
-8.727569878101348877e-02
-1.178491767495870590e-02
-4.971780627965927124e-02
1.102627366781234741e-01
-3.034376725554466248e-02
3.094943938776850700e-03
-6.573878228664398193e-02
4.179861769080162048e-02
-6.922412663698196411e-02
-6.834053248167037964e-02
-3.405174612998962402e-02
-1.670203916728496552e-02
-5.097114294767379761e-02
-4.647454619407653809e-02
-6.790596991777420044e-02
-2.373963035643100739e-02
-6.430116295814514160e-02
1.380636822432279587e-02
2.563015744090080261e-02
-9.031713753938674927e-02
-1.261489233002066612e-03
1.095551624894142151e-02
2.099939063191413879e-02
-4.991087317466735840e-02
-1.452693156898021698e-02
-7.894867658615112305e-02
-2.351759932935237885e-02
-4.943203181028366089e-02
-5.184955522418022156e-02
-1.995481550693511963e-02
6.628995388746261597e-02
-4.959960654377937317e-02
1.116884290240705013e-03
-3.038499504327774048e-02
5.242004618048667908e-02
-1.148899272084236145e-02
3.470546752214431763e-02
-7.060895860195159912e-02
-1.112455874681472778e-01
-1.295191794633865356e-01
-3.750682622194290161e-02
-9.661899507045745850e-02
2.703705802559852600e-02
-1.492464728653430939e-02
-6.969536095857620239e-02
-9.438581019639968872e-02
-3.179152309894561768e-02
-3.817165642976760864e-02
-6.688113510608673096e-02
-3.603845470934174955e-06
-3.806904703378677368e-02
2.580944262444972992e-02
-7.688925601541996002e-03
7.905364967882633209e-03
-3.456098958849906921e-02
-1.739550009369850159e-02
-9.922386705875396729e-02
-1.674266345798969269e-02
-6.515583954751491547e-03
6.148257106542587280e-02
7.725814823061227798e-03
8.614917285740375519e-03
5.361215025186538696e-02
1.295568514615297318e-02
8.482508361339569092e-03
-2.857694774866104126e-02
-5.575832445174455643e-03
8.132983744144439697e-02
-8.142855018377304077e-02
4.392134025692939758e-02
-4.556506499648094177e-02
5.512980744242668152e-02
2.465735562145709991e-02
-6.413655728101730347e-02
-1.201768815517425537e-01
8.614242076873779297e-02
2.674791775643825531e-02
6.427557766437530518e-02
-1.016685888171195984e-01
-2.280616015195846558e-02
-5.475543066859245300e-02
-6.189358234405517578e-02
-4.813472181558609009e-02
-1.239245310425758362e-01
8.978610485792160034e-02
1.445419061928987503e-02
1.916560344398021698e-02
-1.612986437976360321e-02
-1.190150976181030273e-01
-4.517141357064247131e-02
-5.632473155856132507e-02
-5.856328830122947693e-02
-3.130158782005310059e-02
-6.700660288333892822e-02
-5.350306257605552673e-02
-1.172161102294921875e-02
7.891035079956054688e-02
