3.913347423076629639e-01
-3.505793213844299316e-01
3.482826948165893555e-01
3.009610176086425781e-01
-3.422896564006805420e-01
2.932856976985931396e-01
-3.118338286876678467e-01
-3.213180601596832275e-01
4.183229506015777588e-01
8.533793687820434570e-02
2.924966812133789062e-01
-4.717803895473480225e-01
-3.520631790161132812e-01
2.172419130802154541e-01
2.462965697050094604e-01
1.810950487852096558e-01
1.713812649250030518e-01
3.940288126468658447e-01
4.289395511150360107e-01
3.829258680343627930e-01
-2.473444789648056030e-01
-3.347209393978118896e-01
3.540799617767333984e-01
-2.648501396179199219e-01
-1.821262091398239136e-01
3.871078789234161377e-01
2.291546911001205444e-01
3.197566866874694824e-01
3.802133798599243164e-01
2.445481121540069580e-01
-2.936747968196868896e-01
2.708872966468334198e-02
2.704790830612182617e-01
3.343650102615356445e-01
-2.551546394824981689e-01
-2.166909426450729370e-01
-3.180113732814788818e-01
7.729015499353408813e-02
-9.976259618997573853e-02
4.017903506755828857e-01
-2.608430683612823486e-01
-1.493251770734786987e-01
4.193156361579895020e-01
-2.160992473363876343e-01
2.820568382740020752e-01
-4.091265797615051270e-01
2.490207701921463013e-01
1.868476867675781250e-01
2.636591196060180664e-01
3.132553696632385254e-01
2.892660796642303467e-01
2.944422364234924316e-01
-3.659034073352813721e-01
1.021798849105834961e-01
3.571822345256805420e-01
1.097002625465393066e-01
3.466066122055053711e-01
1.667909622192382812e-01
1.058160364627838135e-01
1.827279627323150635e-01
1.049773171544075012e-01
4.275645315647125244e-01
-4.265226125717163086e-01
3.308297693729400635e-01
2.595832049846649170e-01
-3.519772887229919434e-01
3.248921334743499756e-01
2.539974153041839600e-01
-3.638065457344055176e-01
2.828280627727508545e-01
1.879390627145767212e-01
-2.429352402687072754e-01
-2.297055125236511230e-01
-3.379392921924591064e-01
3.097810447216033936e-01
3.266334533691406250e-01
2.398297935724258423e-01
-3.586238622665405273e-01
3.403788208961486816e-01
2.461402714252471924e-01
4.337779879570007324e-01
-9.251577407121658325e-02
1.147785857319831848e-01
-3.165689110755920410e-01
3.028321564197540283e-01
2.765664756298065186e-01
2.721995115280151367e-01
-1.902770400047302246e-01
4.197840392589569092e-01
2.955900728702545166e-01
-5.368028283119201660e-01
6.451816111803054810e-02
2.577396333217620850e-01
2.673583030700683594e-01
3.048433363437652588e-01
1.119429767131805420e-01
2.842236459255218506e-01
-4.237670600414276123e-01
4.313004612922668457e-01
-3.298663198947906494e-01
3.789732754230499268e-01
1.854645907878875732e-01
3.390976488590240479e-01
3.227473795413970947e-01
1.532365083694458008e-01
-1.239147260785102844e-01
5.085514187812805176e-01
3.349884748458862305e-01
4.284646213054656982e-01
4.000580310821533203e-01
4.507542401552200317e-02
3.525962829589843750e-01
2.426358610391616821e-01
2.710630595684051514e-01
1.122996360063552856e-01
-2.802864313125610352e-01
3.559885919094085693e-01
3.828778266906738281e-01
3.869811892509460449e-01
2.732041180133819580e-01
2.568772733211517334e-01
2.645223736763000488e-01
3.761159181594848633e-01
-3.164784014225006104e-01
2.566262185573577881e-01
3.536829948425292969e-01
3.695896565914154053e-01
-3.154845833778381348e-01
3.742569386959075928e-01
1.493081450462341309e-01
3.649590611457824707e-01
-3.472120761871337891e-01
2.134702056646347046e-01
-3.633237183094024658e-01
3.265151083469390869e-01
2.483656853437423706e-01
-3.182512819766998291e-01
3.264776766300201416e-01
-1.805445998907089233e-01
3.337180316448211670e-01
3.457904756069183350e-01
-3.101834952831268311e-01
-4.748502075672149658e-01
-2.474873661994934082e-01
4.002767205238342285e-01
-2.447548508644104004e-01
-1.196903437376022339e-01
2.699140906333923340e-01
1.967323869466781616e-01
3.955426812171936035e-01
4.100908339023590088e-01
3.586961627006530762e-01
2.386159449815750122e-01
3.113777041435241699e-01
3.258052170276641846e-01
3.594763576984405518e-01
5.617876350879669189e-02
-1.848119646310806274e-01
3.638336062431335449e-01
3.699212670326232910e-01
-2.326129972934722900e-01
-2.192346155643463135e-01
2.417799532413482666e-01
2.717632651329040527e-01
3.738334476947784424e-01
2.322948426008224487e-01
2.880701124668121338e-01
-1.587786376476287842e-01
3.852252364158630371e-01
2.546537220478057861e-01
4.087755382061004639e-01
4.087798893451690674e-01
-3.556784391403198242e-01
2.403962612152099609e-01
-1.579465419054031372e-01
2.004487514495849609e-01
3.383449614048004150e-01
-3.347549736499786377e-01
9.193239361047744751e-02
4.202509820461273193e-01
7.975701987743377686e-02
3.213737308979034424e-01
3.025189042091369629e-01
3.005583584308624268e-01
8.717432618141174316e-02
4.166022539138793945e-01
4.068616926670074463e-01
3.818176686763763428e-01
3.919666409492492676e-01
3.380166590213775635e-01
2.490610480308532715e-01
3.786389529705047607e-01
2.700227797031402588e-01
3.623259365558624268e-01
3.999924063682556152e-01
1.779261529445648193e-01
3.909611403942108154e-01
3.125053048133850098e-01
1.114221811294555664e-01
3.721691668033599854e-01
-3.090614974498748779e-01
-3.159206807613372803e-01
-3.826265037059783936e-01
-3.124306201934814453e-01
-3.227762579917907715e-01
3.172487020492553711e-01
2.442037910223007202e-01
3.608696460723876953e-01
2.767286300659179688e-01
2.310560196638107300e-01
-2.114630490541458130e-01
-4.014380276203155518e-01
3.727758526802062988e-01
3.455623388290405273e-01
3.329141438007354736e-01
-2.269262224435806274e-01
1.098262444138526917e-01
2.268612384796142578e-01
1.667157113552093506e-01
2.893159985542297363e-01
2.067106515169143677e-01
-3.393484652042388916e-01
3.314281702041625977e-01
3.312189877033233643e-01
3.760002851486206055e-01
8.359395712614059448e-02
3.282363414764404297e-01
1.473413109779357910e-01
3.853309750556945801e-01
-3.392494022846221924e-01
1.806553453207015991e-01
3.407030403614044189e-01
3.400109112262725830e-01
-2.888774275779724121e-01
2.690564990043640137e-01
2.577679455280303955e-01
2.078983336687088013e-01
3.278913795948028564e-01
2.036337703466415405e-01
5.424368008971214294e-02
-3.251232802867889404e-01
-2.915888726711273193e-01
3.448539376258850098e-01
4.046906828880310059e-01
2.365192472934722900e-01
3.176513910293579102e-01
-3.508259952068328857e-01
-2.224465608596801758e-01
1.708821356296539307e-01
2.791315615177154541e-01
2.764083445072174072e-01
-3.203794062137603760e-01
1.470036804676055908e-01
3.923576474189758301e-01
3.512471914291381836e-01
2.747462391853332520e-01
