4.165672957897186279e-01
-7.627186179161071777e-02
2.097186148166656494e-01
-2.830512262880802155e-02
1.535024046897888184e-01
-7.749232053756713867e-01
4.940279722213745117e-01
2.769727446138858795e-02
-2.578165233135223389e-01
-7.014154195785522461e-01
1.848448514938354492e-01
6.070075631141662598e-01
-2.617784142494201660e-01
4.082043766975402832e-01
-3.020918555557727814e-02
4.231183528900146484e-01
-4.515664279460906982e-01
2.851385995745658875e-02
2.208382040262222290e-01
-5.473561882972717285e-01
4.946023523807525635e-01
5.027208328247070312e-01
3.561808168888092041e-01
5.112546086311340332e-01
6.018192768096923828e-01
4.041380584239959717e-01
4.811908006668090820e-01
4.093079268932342529e-01
-1.239272803068161011e-01
-4.169932752847671509e-02
-1.278872042894363403e-01
-9.117966890335083008e-01
3.190114200115203857e-01
3.992823958396911621e-01
5.239440500736236572e-02
4.746267795562744141e-01
4.495176374912261963e-01
-5.391730740666389465e-02
3.661324083805084229e-01
6.097758412361145020e-01
5.674949884414672852e-01
4.181191325187683105e-01
4.260197579860687256e-01
3.841662406921386719e-01
-3.274208307266235352e-02
-6.478783488273620605e-02
3.076809346675872803e-01
3.570684790611267090e-01
4.417439997196197510e-01
5.017483234405517578e-01
4.691364765167236328e-01
5.823621749877929688e-01
5.430503487586975098e-01
4.098046422004699707e-01
2.396154552698135376e-01
3.013911843299865723e-01
4.730793237686157227e-01
4.422544240951538086e-01
3.125499486923217773e-01
3.999998569488525391e-01
3.954515755176544189e-01
1.282492280006408691e-01
4.196996390819549561e-01
4.329912066459655762e-01
3.112106621265411377e-01
3.975618183612823486e-01
4.777118861675262451e-01
4.303418397903442383e-01
6.516029685735702515e-02
1.768782734870910645e-01
5.714959502220153809e-01
-8.351741731166839600e-02
-7.124783098697662354e-02
-6.920729875564575195e-01
4.334936141967773438e-01
-1.605330854654312134e-01
-1.303580701351165771e-01
-2.206760197877883911e-01
1.811427175998687744e-01
4.343259632587432861e-01
5.817952156066894531e-01
4.642535746097564697e-01
7.931145280599594116e-02
1.863433280959725380e-03
3.931107223033905029e-01
3.732756972312927246e-01
4.614624679088592529e-01
-3.285599648952484131e-01
4.120501875877380371e-01
4.713150560855865479e-01
-4.327956438064575195e-01
2.911491394042968750e-01
4.572258293628692627e-01
-8.250273466110229492e-01
5.789892673492431641e-01
4.637442231178283691e-01
6.151568889617919922e-01
4.937238991260528564e-01
4.235923290252685547e-01
6.195845603942871094e-01
6.021705865859985352e-01
6.587336063385009766e-01
4.409475028514862061e-01
-1.459867060184478760e-01
5.530875641852617264e-03
-1.062145590782165527e+00
4.019542038440704346e-01
6.320375800132751465e-01
-9.837766885757446289e-01
5.065588951110839844e-01
3.921592235565185547e-01
-1.214360296726226807e-01
3.707658052444458008e-01
1.571525931358337402e-01
-5.491758137941360474e-02
-3.770931959152221680e-01
2.350333034992218018e-01
3.315012753009796143e-01
-1.930842548608779907e-01
-1.384697854518890381e-01
-8.404560089111328125e-01
3.295660614967346191e-01
-1.465585082769393921e-01
5.292798280715942383e-01
1.953835785388946533e-01
3.417289257049560547e-01
-1.069171428680419922e+00
7.298388332128524780e-02
5.864766836166381836e-01
4.658145606517791748e-01
4.531152546405792236e-01
3.909424245357513428e-01
3.562564551830291748e-01
-9.611256718635559082e-01
-9.602302908897399902e-01
5.070843696594238281e-01
3.932593166828155518e-01
4.833186566829681396e-01
4.500201344490051270e-01
4.574708342552185059e-01
3.222655355930328369e-01
3.882609903812408447e-01
5.116928219795227051e-01
-1.023342251777648926e+00
6.095750331878662109e-01
-2.257431298494338989e-01
3.743066787719726562e-01
5.324365496635437012e-01
-8.151908963918685913e-02
-8.781992197036743164e-01
6.010789871215820312e-01
4.534871876239776611e-01
4.527243673801422119e-01
-9.439556002616882324e-01
3.137632608413696289e-01
8.757392317056655884e-02
5.584697723388671875e-01
2.650857716798782349e-02
4.155429899692535400e-01
4.535136222839355469e-01
4.474443197250366211e-01
2.429802268743515015e-01
4.381426274776458740e-01
4.382082819938659668e-01
4.323605000972747803e-01
4.642322659492492676e-01
4.695934653282165527e-01
6.077296733856201172e-01
4.628826379776000977e-01
6.168630719184875488e-01
6.353931427001953125e-01
-2.208646833896636963e-01
-1.368288248777389526e-01
4.899426102638244629e-01
9.645064361393451691e-03
5.489760637283325195e-01
2.833398282527923584e-01
-2.170891612768173218e-01
4.460572600364685059e-01
4.844839870929718018e-01
3.530370891094207764e-01
4.629187881946563721e-01
3.242499232292175293e-01
3.622199296951293945e-01
2.323093265295028687e-01
5.591323375701904297e-01
5.707462504506111145e-02
5.248699188232421875e-01
5.609111487865447998e-02
4.696131050586700439e-01
-9.204297065734863281e-01
5.390951633453369141e-01
3.979822993278503418e-01
6.157642602920532227e-01
3.174135088920593262e-01
3.967294096946716309e-01
4.585236310958862305e-01
4.558534622192382812e-01
4.595356583595275879e-01
3.759228885173797607e-01
1.788847893476486206e-01
4.291808307170867920e-01
4.669157564640045166e-01
5.759977102279663086e-01
3.442201912403106689e-01
4.745073914527893066e-01
-5.897023715078830719e-03
4.583054482936859131e-01
4.761615693569183350e-01
6.062514781951904297e-01
4.073813259601593018e-01
6.254264712333679199e-01
4.566609561443328857e-01
6.002201437950134277e-01
4.897925555706024170e-01
-4.717987179756164551e-01
6.113676428794860840e-01
2.926228642463684082e-01
4.557977020740509033e-01
6.087545156478881836e-01
4.080249071121215820e-01
3.111422359943389893e-01
4.555362164974212646e-01
4.270611703395843506e-01
4.588685035705566406e-01
5.249112248420715332e-01
-1.585859805345535278e-01
3.608621656894683838e-01
4.799619019031524658e-01
4.274951517581939697e-01
-7.372515201568603516e-01
4.914177060127258301e-01
4.790113270282745361e-01
2.009445242583751678e-02
-1.024974733591079712e-01
4.982081055641174316e-01
3.983306139707565308e-02
4.177855849266052246e-01
5.909018516540527344e-01
4.779406785964965820e-01
4.575691223144531250e-01
3.989890813827514648e-01
5.056661963462829590e-01
4.611303806304931641e-01
4.357877969741821289e-01
-1.041898038238286972e-03
6.594012677669525146e-02
2.110361754894256592e-01
5.622222423553466797e-01
4.887794554233551025e-01
5.366127490997314453e-01
5.523173809051513672e-01
1.452036201953887939e-01
2.261259257793426514e-01
4.711567461490631104e-01
5.901185870170593262e-01
