3.146548569202423096e-01
-6.004945607855916023e-04
-2.172309672459959984e-03
3.757315278053283691e-01
-3.407912561669945717e-03
3.763065040111541748e-01
-9.141484624706208706e-04
3.381616175174713135e-01
-6.005284376442432404e-04
-2.601436339318752289e-03
4.855240508913993835e-02
-6.005418836139142513e-04
4.667902588844299316e-01
-6.003950256854295731e-04
4.145263731479644775e-01
-6.004424067214131355e-04
-1.917230635881423950e-01
-6.005110335536301136e-04
-5.425596609711647034e-03
-6.005406612530350685e-04
3.250921070575714111e-01
-6.005293689668178558e-04
4.139028489589691162e-01
4.137589931488037109e-01
2.995116412639617920e-01
3.394102752208709717e-01
-6.005082395859062672e-04
-3.696754807606339455e-03
-2.830832498148083687e-03
3.502288758754730225e-01
2.993008494377136230e-01
3.133293688297271729e-01
-1.435052324086427689e-02
-3.186316229403018951e-03
4.178084731101989746e-01
4.100882709026336670e-01
-6.005302420817315578e-04
-6.005357136018574238e-04
-7.132172584533691406e-03
-4.219998605549335480e-03
-1.249886350706219673e-03
-6.004887400195002556e-04
4.121710658073425293e-01
-6.005299510434269905e-04
-6.005348404869437218e-04
-6.005052709951996803e-04
3.361438810825347900e-01
4.154981672763824463e-01
3.267901241779327393e-01
3.794450163841247559e-01
4.143868982791900635e-01
4.006158113479614258e-01
-6.004292517900466919e-04
4.079910218715667725e-01
3.590715825557708740e-01
-3.515751101076602936e-03
-9.911502711474895477e-04
-6.005061441101133823e-04
-6.005082977935671806e-04
4.145971238613128662e-01
-2.792377490550279617e-03
-3.310779342427849770e-03
-2.976559698581695557e-01
-6.005365867167711258e-04
-1.382670481689274311e-03
3.239654898643493652e-01
-6.005018949508666992e-04
-6.005396717227995396e-04
3.952986896038055420e-01
-3.643115051090717316e-03
4.017561078071594238e-01
4.146399199962615967e-01
-4.074766300618648529e-03
-3.403807058930397034e-03
4.170004725456237793e-01
4.160736799240112305e-01
4.138970375061035156e-01
3.006374537944793701e-01
-6.005284376442432404e-04
-7.849083049222826958e-04
-1.358970650471746922e-03
3.074151575565338135e-01
3.136145472526550293e-01
-3.334221895784139633e-03
4.160912930965423584e-01
-6.004717433825135231e-04
3.629546165466308594e-01
-6.005179602652788162e-04
3.349518179893493652e-01
4.034353792667388916e-01
4.180275201797485352e-01
3.388111293315887451e-01
-6.005352479405701160e-04
4.124600291252136230e-01
3.321334421634674072e-01
4.295223653316497803e-01
2.989695966243743896e-01
-6.005406612530350685e-04
5.300997197628021240e-02
4.736313596367835999e-02
-6.003160960972309113e-04
-1.304012723267078400e-03
4.101291000843048096e-01
4.145594537258148193e-01
3.710949718952178955e-01
-9.250745060853660107e-04
3.578515350818634033e-01
-2.229419769719243050e-03
-2.700735628604888916e-01
3.142885565757751465e-01
-8.880324312485754490e-04
-6.005446775816380978e-04
-2.176723442971706390e-03
4.171642363071441650e-01
-6.351506710052490234e-02
4.107612371444702148e-01
4.181182980537414551e-01
-2.836175262928009033e-01
3.422306478023529053e-01
3.707152903079986572e-01
4.142183661460876465e-01
3.262772858142852783e-01
-3.400573972612619400e-03
-6.005457835271954536e-04
-6.005397299304604530e-04
4.106799662113189697e-01
-3.451386699452996254e-03
3.044387400150299072e-01
-6.005455506965517998e-04
-6.005190080031752586e-04
-8.988949703052639961e-04
-6.005356553941965103e-04
4.140502512454986572e-01
4.181473255157470703e-01
3.754832446575164795e-01
-6.005437462590634823e-04
3.813831508159637451e-01
2.983920872211456299e-01
3.651686906814575195e-01
4.179016649723052979e-01
4.147396683692932129e-01
-3.412200510501861572e-01
4.149928390979766846e-01
-2.929510315880179405e-03
-6.005409522913396358e-04
3.744670748710632324e-01
-3.134537115693092346e-02
4.125051200389862061e-01
-6.004789611324667931e-04
-7.356553105637431145e-04
-1.403145259246230125e-03
4.178556501865386963e-01
-1.146363094449043274e-03
-1.525502419099211693e-03
-2.511174418032169342e-03
-1.624875701963901520e-03
-4.932645242661237717e-03
8.895891159772872925e-02
-6.005441537126898766e-04
4.160799980163574219e-01
-6.005286122672259808e-04
-4.551801830530166626e-03
4.101423621177673340e-01
4.146862626075744629e-01
4.163596630096435547e-01
-3.316466463729739189e-03
-6.055498961359262466e-04
-6.004636525176465511e-04
-2.561528235673904419e-03
3.351495265960693359e-01
4.163504242897033691e-01
3.585217595100402832e-01
4.145851731300354004e-01
-6.003867601975798607e-04
-3.752504708245396614e-03
-6.005393224768340588e-04
3.761162459850311279e-01
-4.509303253144025803e-03
4.154707193374633789e-01
4.019167721271514893e-01
3.162745535373687744e-01
4.180098474025726318e-01
4.176786839962005615e-01
4.155843257904052734e-01
-6.005410104990005493e-04
3.912889361381530762e-01
-2.109391381964087486e-03
4.174954593181610107e-01
3.098444938659667969e-01
-6.004896713420748711e-04
-6.005142931826412678e-04
-4.881104454398155212e-03
4.176532328128814697e-01
4.153088927268981934e-01
3.165008723735809326e-01
-6.005297182127833366e-04
4.160083830356597900e-01
-6.003057351335883141e-04
3.646648824214935303e-01
-2.152945147827267647e-03
-6.004876922816038132e-04
3.172873854637145996e-01
-6.005362956784665585e-04
3.216387629508972168e-01
-3.727366216480731964e-03
-6.004687165841460228e-04
4.175357520580291748e-01
-6.003837916068732738e-04
-2.166231162846088409e-03
3.734611570835113525e-01
-6.005436880514025688e-04
-1.260518445633351803e-03
-6.004886818118393421e-04
3.705569803714752197e-01
3.718061447143554688e-01
-6.004284368827939034e-04
8.965492248535156250e-02
3.096719682216644287e-01
3.821018636226654053e-01
-6.005445611663162708e-04
-1.592956134118139744e-03
-2.987537067383527756e-03
-1.854053465649485588e-03
-1.362829585559666157e-03
-6.005433970130980015e-04
4.448621347546577454e-02
3.579940795898437500e-01
-6.005198229104280472e-04
-6.005279137752950191e-04
-6.005300674587488174e-04
-6.005289615131914616e-04
-6.005259347148239613e-04
4.160279333591461182e-01
-6.004864117130637169e-04
3.150168657302856445e-01
-1.819770433939993382e-03
4.589783847332000732e-01
-6.068022339604794979e-04
-3.514039795845746994e-03
3.698095679283142090e-01
-6.005189497955143452e-04
3.892772793769836426e-01
4.041031599044799805e-01
3.773086369037628174e-01
3.788129985332489014e-01
-6.029288633726537228e-04
-6.005164468660950661e-04
-4.382040817290544510e-03
3.870684504508972168e-01
-6.005352479405701160e-04
3.048461377620697021e-01
-6.005440372973680496e-04
3.749562203884124756e-01
-6.005258765071630478e-04
4.159284830093383789e-01
4.178172945976257324e-01
