1.635091751813888550e-02
-2.734230598434805870e-03
-2.197155030444264412e-03
6.408271193504333496e-02
8.321955800056457520e-03
2.745631150901317596e-02
-1.603460754267871380e-03
-1.983341528102755547e-03
-6.653284071944653988e-04
-1.583830802701413631e-03
-1.701469183899462223e-03
-1.049735699780285358e-03
6.090294569730758667e-02
5.018046125769615173e-02
2.662742137908935547e-02
-6.371536292135715485e-04
-3.224830725230276585e-04
-2.862758236005902290e-03
3.781869634985923767e-02
3.319505974650382996e-02
-3.850021166726946831e-04
-3.411994257476180792e-04
8.468855917453765869e-02
-6.096482975408434868e-04
-1.233029644936323166e-03
6.123494356870651245e-02
-2.990305365528911352e-04
-3.433951409533619881e-03
-6.738901720382273197e-04
-2.082309452816843987e-03
4.934417083859443665e-02
6.376403570175170898e-02
6.350569427013397217e-02
-1.889318227767944336e-03
2.744733914732933044e-02
5.025623738765716553e-02
4.309366270899772644e-02
-3.083973133470863104e-04
1.029961090534925461e-02
-1.480944803915917873e-03
7.021681964397430420e-02
1.169882435351610184e-02
-5.098009714856743813e-04
6.307356804609298706e-02
-1.188313937745988369e-03
3.656666725873947144e-02
-5.597128765657544136e-04
3.122409619390964508e-02
-2.138965763151645660e-03
-1.724294736050069332e-03
3.764464706182479858e-02
6.868930160999298096e-02
1.534012798219919205e-02
4.477519169449806213e-02
-1.399273169226944447e-03
6.092762574553489685e-02
-2.661573467776179314e-03
-6.496675196103751659e-04
6.112550199031829834e-02
-7.445722585543990135e-04
-2.697611926123499870e-03
3.785237669944763184e-02
-2.687876345589756966e-03
1.985970139503479004e-02
3.681498020887374878e-02
-1.511066919192671776e-03
7.988626509904861450e-02
-1.855544163845479488e-03
-1.560927485115826130e-03
-4.834381106775254011e-04
-3.000362485181540251e-04
-2.752945292741060257e-03
-2.102968748658895493e-03
-1.510055270045995712e-03
5.445596203207969666e-02
-3.298016730695962906e-03
-4.781659226864576340e-04
4.485135897994041443e-02
-1.215136260725557804e-03
5.286973714828491211e-02
-5.224373308010399342e-04
5.485310405492782593e-02
-1.840887940488755703e-03
8.688967674970626831e-03
-6.581977359019219875e-04
-3.539479337632656097e-03
-4.965331172570586205e-04
-1.211451948620378971e-03
1.635657809674739838e-02
-7.151800091378390789e-04
3.642205521464347839e-02
-1.959603978320956230e-03
-1.732672913931310177e-03
6.989129632711410522e-02
5.788748152554035187e-03
-2.069556154310703278e-03
2.835579589009284973e-02
-4.213982902001589537e-04
-1.035165158100426197e-03
-1.487665227614343166e-03
-3.650962898973375559e-04
2.754950150847434998e-02
-1.205301028676331043e-03
-2.298824721947312355e-03
-1.817232579924166203e-03
2.694537304341793060e-02
-1.438302104361355305e-03
-3.480987506918609142e-04
2.613301388919353485e-02
3.705384954810142517e-02
2.605525776743888855e-02
-3.800091333687305450e-03
5.574990995228290558e-03
-1.893166801892220974e-03
3.870034823194146156e-03
-2.157973358407616615e-03
4.089863970875740051e-02
-3.132918151095509529e-03
2.518522087484598160e-03
4.727841541171073914e-02
-2.878813538700342178e-04
-8.995091193355619907e-04
-3.397740656509995461e-04
-2.148571424186229706e-03
-2.867341390810906887e-04
9.820448234677314758e-03
4.412451013922691345e-02
6.611870974302291870e-02
-2.784997050184756517e-04
-2.073623181786388159e-04
-2.218777779489755630e-03
4.717488586902618408e-02
2.245068550109863281e-02
3.143986687064170837e-02
6.776248663663864136e-02
-1.936754561029374599e-03
7.519120723009109497e-02
5.220026150345802307e-02
-1.451557152904570103e-03
1.779314945451915264e-03
2.785215899348258972e-02
-1.403008820489048958e-03
-9.047886123880743980e-04
1.091021671891212463e-02
4.556436836719512939e-02
-1.795875024981796741e-03
5.895695835351943970e-02
-2.807739656418561935e-03
3.656424954533576965e-02
-1.626827521249651909e-03
-9.403641452081501484e-04
-5.354581517167389393e-04
3.364808484911918640e-02
-3.401110589038580656e-04
7.213605195283889771e-02
5.600374191999435425e-02
-1.208621659316122532e-03
2.930525690317153931e-02
2.355009876191616058e-02
-1.729991170577704906e-03
-1.429611467756330967e-03
-2.398069947957992554e-03
3.172776475548744202e-02
6.847734004259109497e-02
4.222743958234786987e-02
-3.975437721237540245e-04
-3.117288288194686174e-04
3.689851984381675720e-02
-4.839094181079417467e-04
-7.763954345136880875e-04
-2.560540742706507444e-04
-8.854062616592273116e-05
-1.335054868832230568e-03
-2.120712073519825935e-03
-2.959258621558547020e-03
-1.493259449489414692e-03
1.154735498130321503e-02
-3.477075952105224133e-04
-1.843922189436852932e-03
-4.101050551980733871e-03
-3.225463675335049629e-03
3.512703627347946167e-02
1.938242465257644653e-02
-1.221846556290984154e-03
-4.267127078492194414e-04
1.233617775142192841e-02
-5.433944170363247395e-04
2.219363860785961151e-02
6.330449879169464111e-02
3.012110479176044464e-02
-3.553410351742058992e-04
-1.476286095567047596e-03
-5.033308407291769981e-04
-8.853475446812808514e-04
-2.006644615903496742e-03
-2.200291957706212997e-03
-8.311812998726963997e-04
-4.632505006156861782e-04
7.477783411741256714e-02
2.608493901789188385e-02
-4.697969707194715738e-04
3.806931897997856140e-02
-1.990293152630329132e-02
-6.253675674088299274e-04
-1.488362206146121025e-03
6.894967705011367798e-02
6.490594148635864258e-02
-1.075397711247205734e-03
4.391888156533241272e-02
-9.345742873847484589e-04
3.323743119835853577e-02
4.332308098673820496e-02
-1.699958462268114090e-03
7.958112657070159912e-02
-1.896677771583199501e-03
-2.809930406510829926e-02
-1.755807199515402317e-03
-1.703100861050188541e-03
-1.827706350013613701e-03
4.645977169275283813e-02
2.707955613732337952e-02
3.913297876715660095e-02
-1.943223527632653713e-03
-1.800430007278919220e-03
-3.238639328628778458e-04
2.534670755267143250e-02
-1.438206527382135391e-03
3.354654461145401001e-02
3.319210559129714966e-02
-1.859926560427993536e-04
-1.573968213051557541e-03
3.610676527023315430e-02
-1.280901837162673473e-03
4.355495050549507141e-02
-1.388575648888945580e-03
-3.989576362073421478e-04
3.798737004399299622e-02
6.730327755212783813e-02
-1.438409439288079739e-03
-2.122768200933933258e-03
5.087349936366081238e-02
-3.295026835985481739e-04
-6.279153749346733093e-04
-3.001210570801049471e-04
5.714896321296691895e-02
1.696071960031986237e-02
-1.188544463366270065e-02
7.178223226219415665e-03
-1.239377190358936787e-03
-3.003880556207150221e-04
3.831791877746582031e-02
-3.530858666636049747e-04
-1.948942197486758232e-03
-3.019423165824264288e-04
-8.476037764921784401e-04
-1.387354452162981033e-03
