-2.370935631915926933e-03
6.966306269168853760e-02
-4.772156011313199997e-03
1.250467728823423386e-02
4.044683277606964111e-02
-1.339611783623695374e-02
6.244153901934623718e-02
4.673187434673309326e-02
2.480860240757465363e-02
-9.886065497994422913e-03
3.733560442924499512e-02
-4.332441091537475586e-02
1.040723547339439392e-02
8.321387693285942078e-03
4.716458730399608612e-03
1.395158655941486359e-02
5.759961437433958054e-03
6.249203532934188843e-02
-7.657222449779510498e-02
3.249577060341835022e-02
1.615395955741405487e-02
4.569748882204294205e-03
-7.038306444883346558e-02
2.621081843972206116e-02
4.745779186487197876e-02
2.198479510843753815e-02
4.898595809936523438e-02
3.584806621074676514e-02
-6.651114672422409058e-02
-9.717559441924095154e-03
-5.053224042057991028e-02
-1.857428252696990967e-02
7.914333790540695190e-02
-2.069327235221862793e-02
3.773535415530204773e-02
2.312484756112098694e-02
1.598522439599037170e-02
-2.243310771882534027e-02
6.968688219785690308e-02
-4.608342051506042480e-02
1.123563665896654129e-02
2.818371914327144623e-02
-1.149673573672771454e-02
2.962698927149176598e-03
6.343931891024112701e-03
2.071985043585300446e-02
-6.313725560903549194e-02
3.229565918445587158e-02
7.452636212110519409e-02
3.019280266016721725e-03
-3.166021406650543213e-02
1.045467611402273178e-02
4.117533192038536072e-02
-3.844429180026054382e-02
5.158219486474990845e-02
-2.445897087454795837e-02
1.531014963984489441e-02
-4.353472962975502014e-02
3.109004907310009003e-02
2.961027808487415314e-02
-4.910910129547119141e-02
-1.374624669551849365e-02
-5.622357502579689026e-02
-3.504581749439239502e-02
4.919942002743482590e-03
6.232473067939281464e-03
-4.902084916830062866e-02
-1.110240519046783447e-01
1.238920539617538452e-02
-3.413211554288864136e-02
-7.834824919700622559e-02
1.394826825708150864e-02
-1.440812554210424423e-02
3.054295293986797333e-02
-1.061598025262355804e-02
9.955382905900478363e-03
-3.766271471977233887e-02
4.909094050526618958e-02
-9.740847349166870117e-02
6.511717289686203003e-02
6.520943343639373779e-02
1.770469918847084045e-02
1.197528932243585587e-02
1.369226351380348206e-02
-3.392148390412330627e-02
6.174934282898902893e-02
7.820374448783695698e-04
-2.684438368305563927e-03
3.188832476735115051e-02
1.615187525749206543e-02
2.692090347409248352e-02
-1.876521972008049488e-03
7.799475640058517456e-02
-4.514447599649429321e-02
3.631774708628654480e-02
2.889065258204936981e-02
-5.714211240410804749e-02
3.001231886446475983e-02
5.069935321807861328e-02
5.295728892087936401e-02
9.614919312298297882e-03
4.917783290147781372e-02
5.108310654759407043e-02
-1.113320365548133850e-01
4.649681597948074341e-02
-4.943954572081565857e-02
6.663022190332412720e-02
3.544691205024719238e-02
1.649014465510845184e-02
-2.996519207954406738e-02
5.162278655916452408e-03
3.247558698058128357e-02
-7.125926669687032700e-03
3.391656652092933655e-02
-4.361978918313980103e-02
4.036289453506469727e-02
1.859143935143947601e-02
8.317821659147739410e-03
1.410154160112142563e-02
3.916718810796737671e-02
2.525435574352741241e-02
8.068539947271347046e-02
-9.322692453861236572e-02
4.161195829510688782e-02
1.544395554810762405e-02
-2.941463142633438110e-02
9.644322097301483154e-03
7.967001944780349731e-02
5.849040299654006958e-02
-1.372032798826694489e-02
-4.257960617542266846e-02
2.711048536002635956e-02
-4.007692262530326843e-02
-1.300187897868454456e-03
1.507648359984159470e-02
6.274144351482391357e-02
1.173045951873064041e-02
3.347047790884971619e-02
-7.004624605178833008e-02
-9.693127125501632690e-03
1.274804491549730301e-02
5.432516336441040039e-02
4.816213250160217285e-02
-9.567531198263168335e-02
3.737255185842514038e-02
6.488275527954101562e-02
-6.329444795846939087e-02
-1.018277630209922791e-01
-2.738630771636962891e-02
3.573800995945930481e-02
2.389161661267280579e-02
9.573729336261749268e-02
2.530232630670070648e-02
-3.314931411296129227e-03
2.765217050909996033e-02
6.066745892167091370e-02
-3.070579282939434052e-02
5.148535128682851791e-03
-2.691391296684741974e-02
-2.035200037062168121e-02
2.815773244947195053e-03
-3.585364669561386108e-02
-1.278658956289291382e-02
3.311824053525924683e-02
8.572110673412680626e-04
-8.312433958053588867e-02
4.570188373327255249e-02
3.095615189522504807e-03
3.711304813623428345e-02
1.648243144154548645e-02
3.731735795736312866e-02
2.129427529871463776e-02
6.016203388571739197e-02
-6.847033277153968811e-03
3.756847232580184937e-02
6.652570515871047974e-02
-1.579519174993038177e-02
-2.862868644297122955e-02
-2.962545258924365044e-03
2.150651765987277031e-03
3.808878362178802490e-02
-2.751781605184078217e-02
2.302728593349456787e-02
4.629309475421905518e-02
3.827182948589324951e-02
-3.463645000010728836e-03
6.402183207683265209e-04
5.120025575160980225e-02
2.887402474880218506e-02
8.349170908331871033e-03
-5.464413389563560486e-02
3.689171746373176575e-02
-3.494807332754135132e-02
4.456199333071708679e-02
1.000135112553834915e-02
3.502867743372917175e-02
-1.157137192785739899e-02
1.467600278556346893e-02
1.451960206031799316e-02
-4.545147344470024109e-02
2.975563146173954010e-02
-5.537381861358880997e-03
5.711695551872253418e-02
2.153779380023479462e-02
3.821554780006408691e-02
-9.037677198648452759e-03
-1.709996536374092102e-02
1.219143811613321304e-02
6.689397245645523071e-02
1.077128481119871140e-02
-9.371847659349441528e-02
2.885963022708892822e-02
7.906368374824523926e-02
4.037158191204071045e-02
4.370215162634849548e-02
1.299108657985925674e-02
-4.442988336086273193e-02
-6.343293935060501099e-03
1.845547743141651154e-02
-6.707095354795455933e-02
8.312988281250000000e-02
-1.724519766867160797e-02
2.088482677936553955e-02
2.691589295864105225e-02
1.531280390918254852e-02
3.210319951176643372e-02
4.320709034800529480e-02
-3.965887054800987244e-02
2.911978168413043022e-03
2.411369979381561279e-02
4.714399203658103943e-02
1.289387885481119156e-02
-1.991408504545688629e-02
5.974329262971878052e-02
3.873365372419357300e-02
1.559620536863803864e-02
-3.097948385402560234e-03
-6.977494806051254272e-02
-7.774708420038223267e-02
4.366086050868034363e-02
-8.286242932081222534e-02
1.844450831413269043e-02
4.375647380948066711e-02
-6.530148442834615707e-03
-3.969055786728858948e-02
3.037247434258460999e-02
-2.124142646789550781e-02
1.509832497686147690e-02
1.759305037558078766e-02
-7.540749385952949524e-03
-1.060590986162424088e-02
3.570203110575675964e-02
1.720660924911499023e-02
2.091025933623313904e-02
-3.571695834398269653e-02
5.991103500127792358e-02
