-1.636519193649291992e+00
6.822889447212219238e-01
-2.730717062950134277e-01
8.475001454353332520e-01
2.413554042577743530e-01
-4.487567842006683350e-01
-3.238102197647094727e-01
-3.306558728218078613e-01
7.964197397232055664e-01
-4.004579782485961914e-01
6.727239489555358887e-01
8.318197727203369141e-01
-7.401138544082641602e-02
-1.343683123588562012e+00
-2.170292437076568604e-01
-1.624916940927505493e-01
3.460330069065093994e-01
-4.884780347347259521e-01
-1.351420640945434570e+00
2.226403541862964630e-02
-3.435133770108222961e-02
-3.306739628314971924e-01
7.361024022102355957e-01
7.570572495460510254e-01
-2.515035271644592285e-01
7.756323814392089844e-01
-1.146750569343566895e+00
-8.555119037628173828e-01
-3.085161447525024414e-01
-3.192293941974639893e-01
-8.327802270650863647e-02
-3.494406938552856445e-01
7.591176033020019531e-01
-4.256961643695831299e-01
8.934127092361450195e-01
6.695112586021423340e-01
8.563659787178039551e-01
-3.461771905422210693e-01
-2.478621602058410645e-01
6.686227321624755859e-01
5.454862713813781738e-01
-3.786278367042541504e-01
7.614220976829528809e-01
8.983544111251831055e-01
1.820175498723983765e-01
7.353910207748413086e-01
3.855955898761749268e-01
-9.351400732994079590e-01
6.122538447380065918e-01
-2.262731194496154785e-01
8.462764620780944824e-01
-6.350346207618713379e-01
6.949664950370788574e-01
8.949832320213317871e-01
4.287751913070678711e-01
-3.460879027843475342e-01
-4.614694118499755859e-01
7.867925167083740234e-01
6.657243371009826660e-01
-5.322005152702331543e-01
2.580733597278594971e-01
8.774414658546447754e-01
-3.487794697284698486e-01
7.112571597099304199e-01
8.512398600578308105e-01
-1.077515482902526855e+00
-3.748643994331359863e-01
-1.094738960266113281e+00
3.111206367611885071e-02
6.726552844047546387e-01
-3.095447123050689697e-01
-2.039866447448730469e-01
-6.354760378599166870e-02
-4.992249011993408203e-01
8.698463439941406250e-02
3.108694553375244141e-01
7.899669408798217773e-01
3.158385753631591797e-01
4.453870058059692383e-01
-4.900431931018829346e-01
8.022704720497131348e-01
-7.142091989517211914e-01
8.257501721382141113e-01
8.560966253280639648e-01
-5.922148227691650391e-01
6.686679124832153320e-01
-1.203314423561096191e+00
4.780087769031524658e-01
9.055131077766418457e-01
-4.518558382987976074e-01
-1.341104149818420410e+00
-5.970994830131530762e-01
1.657895147800445557e-01
3.554466068744659424e-01
-1.370693564414978027e+00
6.101705431938171387e-01
-3.113653659820556641e-01
-1.309538036584854126e-01
-2.507204413414001465e-01
6.523364782333374023e-01
7.116083502769470215e-01
1.290314197540283203e-01
-1.039014458656311035e+00
7.972511649131774902e-01
-3.764816224575042725e-01
-2.943940162658691406e-01
5.561823844909667969e-01
8.013899326324462891e-01
6.933483481407165527e-01
-5.759651064872741699e-01
8.284493088722229004e-01
-3.781372904777526855e-01
6.760144978761672974e-02
8.109049201011657715e-01
5.020239353179931641e-01
-4.624197781085968018e-01
8.784604668617248535e-01
6.525442004203796387e-02
-2.219341993331909180e-01
2.015065252780914307e-01
-4.095292985439300537e-01
-2.360813617706298828e-01
7.647803425788879395e-01
-3.673931360244750977e-01
-1.341842770576477051e+00
8.491824269294738770e-01
6.826034188270568848e-01
-2.342647910118103027e-01
9.638825654983520508e-01
-5.676563978195190430e-01
9.637982249259948730e-01
-2.680436670780181885e-01
3.806471824645996094e-01
3.986233174800872803e-01
1.218226999044418335e-01
-4.065465331077575684e-01
-1.167004778981208801e-01
8.906514644622802734e-01
6.475573778152465820e-01
7.666535377502441406e-01
-4.865295588970184326e-01
5.507549643516540527e-01
-2.255042642354965210e-01
-6.795053482055664062e-01
9.334002733230590820e-01
7.276071310043334961e-01
7.338215708732604980e-01
7.636576294898986816e-01
7.783487439155578613e-01
7.332625389099121094e-01
-3.369239866733551025e-01
8.395130038261413574e-01
-1.599929481744766235e-01
-4.663067758083343506e-01
3.652597963809967041e-01
-2.360935807228088379e-01
-1.357491493225097656e+00
7.690197229385375977e-01
-4.065789580345153809e-01
3.578945696353912354e-01
6.596980690956115723e-01
8.439620733261108398e-01
7.716379314661026001e-02
-5.567333102226257324e-01
-3.757352828979492188e-01
-2.829090356826782227e-01
3.492067456245422363e-01
3.580744862556457520e-01
5.345863699913024902e-01
6.527394652366638184e-01
-2.406294792890548706e-01
-5.059893056750297546e-02
7.191269397735595703e-01
4.445364475250244141e-01
7.458696365356445312e-01
8.378382921218872070e-01
-8.746257424354553223e-02
-3.787510395050048828e-01
6.847900748252868652e-01
-4.979262351989746094e-01
-4.940238595008850098e-01
2.146985083818435669e-01
-1.848944574594497681e-01
-1.403998434543609619e-01
7.650935053825378418e-01
8.042852878570556641e-01
-4.329609870910644531e-01
5.459559559822082520e-01
4.248940646648406982e-01
7.510343194007873535e-01
7.430829405784606934e-01
8.480455279350280762e-01
-6.060350537300109863e-01
-5.409468412399291992e-01
8.261342048645019531e-01
7.601660490036010742e-01
-3.571012318134307861e-01
-1.950685381889343262e-01
6.690579652786254883e-01
-2.803813815116882324e-01
3.353906273841857910e-01
8.294614553451538086e-01
7.871524691581726074e-01
9.639780521392822266e-01
-1.237236976623535156e+00
-4.625530242919921875e-01
6.532537341117858887e-01
8.740152120590209961e-01
2.103432565927505493e-01
6.902294158935546875e-01
8.110064864158630371e-01
8.560106158256530762e-02
-1.955961734056472778e-01
-5.063306093215942383e-01
-1.559069871902465820e+00
7.097170352935791016e-01
-1.336265683174133301e+00
8.314536809921264648e-01
-6.825491786003112793e-01
6.864041686058044434e-01
-9.807522408664226532e-03
-1.605364531278610229e-01
8.460338711738586426e-01
5.235787630081176758e-01
-2.983116805553436279e-01
-4.973582625389099121e-01
-6.090099215507507324e-01
9.052295684814453125e-01
8.314765095710754395e-01
6.830012798309326172e-01
6.511774659156799316e-01
4.079529941082000732e-01
-5.098451673984527588e-02
-1.132261380553245544e-01
5.983697175979614258e-01
4.668076932430267334e-01
9.981117397546768188e-02
-3.241769969463348389e-01
-6.577408909797668457e-01
7.310059070587158203e-01
7.047551870346069336e-01
-2.548097372055053711e-01
-1.312246441841125488e+00
-9.269320368766784668e-01
5.379140377044677734e-01
5.237954258918762207e-01
7.515826821327209473e-01
-1.054756641387939453e+00
7.005277872085571289e-01
-1.082201838493347168e+00
9.511589407920837402e-01
-1.275757234543561935e-02
7.962387204170227051e-01
-3.505193889141082764e-01
5.558866262435913086e-01
1.002973675727844238e+00
