5.324338078498840332e-01
-3.374488791450858116e-03
-8.916236758232116699e-01
5.351052880287170410e-01
6.156728863716125488e-01
5.368441939353942871e-01
-6.791463820263743401e-04
5.343627333641052246e-01
-5.286894273012876511e-03
-6.005422328598797321e-04
-3.601109376177191734e-03
-6.005454924888908863e-04
-3.334935521706938744e-03
-6.004491006024181843e-04
5.448442697525024414e-01
-2.598437713459134102e-03
-6.004757015034556389e-04
-1.650889520533382893e-03
-6.596001330763101578e-04
-6.244690623134374619e-03
5.473188161849975586e-01
-6.005369359627366066e-04
5.419958829879760742e-01
5.466644763946533203e-01
5.136516094207763672e-01
5.427816510200500488e-01
8.601934909820556641e-01
6.892203688621520996e-01
-3.735626814886927605e-03
8.393698930740356445e-01
5.096634030342102051e-01
8.570548295974731445e-01
-2.413096372038125992e-03
-3.017056966200470924e-03
5.480296015739440918e-01
5.439028739929199219e-01
-7.100850939750671387e-01
-3.504374064505100250e-03
-5.108809471130371094e-01
-6.004968890920281410e-04
-4.341840278357267380e-03
-6.005140603519976139e-04
5.295092463493347168e-01
-6.005358882248401642e-04
-5.051297545433044434e-01
8.030827045440673828e-01
-6.005375762470066547e-04
5.454478263854980469e-01
5.363420248031616211e-01
1.074575781822204590e+00
5.387325882911682129e-01
5.457929372787475586e-01
-3.406560281291604042e-03
5.337870121002197266e-01
5.363118648529052734e-01
-5.839559435844421387e-01
-3.036198318004608154e-01
-1.094063743948936462e-03
-2.807710785418748856e-03
5.458925366401672363e-01
8.358547687530517578e-01
-3.599101677536964417e-03
-3.682445501908659935e-03
-7.314927643164992332e-04
9.471337795257568359e-01
5.397646427154541016e-01
-6.005040486343204975e-04
-6.160473916679620743e-03
-3.656193148344755173e-03
-4.120630677789449692e-03
5.495513677597045898e-01
5.450489521026611328e-01
-3.293350571766495705e-03
5.920498967170715332e-01
5.406367182731628418e-01
5.455545783042907715e-01
5.440791249275207520e-01
5.305405259132385254e-01
9.293770790100097656e-01
-3.064977005124092102e-03
-6.005387404002249241e-04
5.228852629661560059e-01
5.366736054420471191e-01
-1.933619612827897072e-03
5.508818030357360840e-01
8.970850706100463867e-02
5.407721996307373047e-01
-2.928050700575113297e-03
5.312502384185791016e-01
5.507839918136596680e-01
5.502802133560180664e-01
5.386093258857727051e-01
-3.370343009009957314e-03
5.492439866065979004e-01
-6.004130700603127480e-04
5.479373335838317871e-01
5.365940332412719727e-01
-6.005446193739771843e-04
-6.005294853821396828e-04
-3.729207674041390419e-03
-3.539356403052806854e-03
8.636230826377868652e-01
5.393246412277221680e-01
5.257164239883422852e-01
5.341436862945556641e-01
-1.830714871175587177e-03
-3.335799556225538254e-03
-2.053849864751100540e-03
-6.632714997977018356e-03
5.364108681678771973e-01
-5.232627503573894501e-03
-6.005455506965517998e-04
1.126885056495666504e+00
5.479899644851684570e-01
-3.560154931619763374e-03
5.350588560104370117e-01
5.472155809402465820e-01
-3.296809736639261246e-03
-1.325711025856435299e-03
5.334426760673522949e-01
5.412971973419189453e-01
5.423955321311950684e-01
-6.005350151099264622e-04
-3.436047583818435669e-03
-6.005429895594716072e-04
5.411153435707092285e-01
-3.495863173156976700e-03
5.348622202873229980e-01
-3.232102608308196068e-03
-2.153427340090274811e-03
-6.005463073961436749e-04
-3.422832116484642029e-03
5.376278162002563477e-01
5.510594844818115234e-01
5.330677628517150879e-01
-5.826942157000303268e-03
5.433279275894165039e-01
5.355107188224792480e-01
5.427999496459960938e-01
5.460813641548156738e-01
5.423237085342407227e-01
6.716778874397277832e-01
5.461105108261108398e-01
-6.005408358760178089e-04
-9.293018374592065811e-04
5.376555323600769043e-01
-6.005456089042127132e-04
5.463920235633850098e-01
-6.005025934427976608e-04
6.510354280471801758e-01
-6.800440140068531036e-03
5.441922545433044434e-01
-3.141177585348486900e-03
-1.175774610601365566e-03
-2.753776265308260918e-03
1.187133908271789551e+00
-6.005279137752950191e-04
-6.005436880514025688e-04
-5.982995964586734772e-03
5.463522076606750488e-01
-2.590459771454334259e-03
-6.004864117130637169e-04
5.447006821632385254e-01
5.476418733596801758e-01
5.403684973716735840e-01
-6.104533676989376545e-04
-5.355268716812133789e-01
-8.027225267142057419e-04
-6.005387986078858376e-04
5.347995162010192871e-01
5.466576218605041504e-01
5.373139381408691406e-01
5.438221096992492676e-01
-4.083424806594848633e-03
-3.698201151564717293e-03
-3.474834840744733810e-03
5.316486358642578125e-01
-5.888954997062683105e-01
5.382032990455627441e-01
5.431044697761535645e-01
5.330077409744262695e-01
5.493139028549194336e-01
5.435225367546081543e-01
5.401535630226135254e-01
-3.629129147157073021e-03
5.447586178779602051e-01
-6.005337345413863659e-04
5.460499525070190430e-01
-3.370377235114574432e-03
-2.031699754297733307e-03
-3.674855222925543785e-03
-3.568088868632912636e-03
5.352539420127868652e-01
5.460035800933837891e-01
5.359216928482055664e-01
6.173279285430908203e-01
5.486719012260437012e-01
-2.728469436988234520e-03
5.364791154861450195e-01
-3.281586337834596634e-03
-2.648892113938927650e-03
5.282331705093383789e-01
-6.005367613397538662e-04
5.302487611770629883e-01
-3.791443537920713425e-03
-3.348362399265170097e-03
5.483468174934387207e-01
-3.814245574176311493e-03
-2.608153969049453735e-03
5.358539819717407227e-01
-7.889702683314681053e-04
-1.913111307658255100e-03
-6.005110335536301136e-04
5.417127013206481934e-01
5.448929071426391602e-01
-6.005066097714006901e-04
-5.389989018440246582e-01
5.393672585487365723e-01
5.495375394821166992e-01
-6.005463656038045883e-04
-6.005313480272889137e-04
-2.935751574113965034e-03
-3.603958757594227791e-03
7.268797159194946289e-01
-6.005455506965517998e-04
9.089930653572082520e-01
5.321904420852661133e-01
-2.641629194840788841e-03
-6.005348404869437218e-04
-6.005400791764259338e-04
-2.889504423364996910e-03
-2.467640209943056107e-03
5.497760772705078125e-01
-4.459287039935588837e-03
5.419749617576599121e-01
-2.681493060663342476e-03
-3.606377402320504189e-03
-3.811080707237124443e-03
-3.119227709248661995e-03
5.353541970252990723e-01
-3.241692204028367996e-03
5.463725924491882324e-01
5.470108985900878906e-01
5.428125262260437012e-01
5.376994609832763672e-01
-2.842455403879284859e-03
-4.084576386958360672e-03
-6.095224525779485703e-04
5.441036224365234375e-01
9.441958665847778320e-01
5.378270745277404785e-01
-6.005457253195345402e-04
5.355202555656433105e-01
8.864678740501403809e-01
5.437453389167785645e-01
5.474255084991455078e-01
