-1.544450205983594060e-04
-1.054935622960329056e-03
4.039746895432472229e-02
-2.517759334295988083e-03
-1.184166409075260162e-03
-2.410426503047347069e-03
-8.198738098144531250e-03
-1.602227450348436832e-03
-1.626141183078289032e-02
-1.282088691368699074e-03
-1.012063468806445599e-03
5.967796966433525085e-02
-3.504544869065284729e-02
-3.396309679374098778e-03
-1.410966622643172741e-03
-2.687778789550065994e-03
-1.658648368902504444e-03
6.557766348123550415e-02
-7.461215718649327755e-04
-8.860604721121490002e-04
-1.027554273605346680e-03
-3.460117732174694538e-04
3.818820789456367493e-02
-1.595177315175533295e-02
7.486526668071746826e-02
-1.007717102766036987e-03
-5.658367299474775791e-04
-3.238950623199343681e-03
-5.090315244160592556e-04
-1.497985678724944592e-03
-1.160841668024659157e-03
-9.264159016311168671e-04
4.990938678383827209e-02
-1.000453718006610870e-03
-2.909366448875516653e-04
-9.494549012742936611e-04
-2.783079398795962334e-04
-4.027377581223845482e-04
-2.300634514540433884e-03
3.536398336291313171e-02
-8.110069669783115387e-03
-1.413586200214922428e-03
-1.523073995485901833e-03
6.542574614286422729e-02
-6.346333539113402367e-04
9.733867645263671875e-02
-2.011558506637811661e-03
2.279541827738285065e-02
-1.843975507654249668e-03
8.014785998966544867e-05
-5.364753305912017822e-04
6.539814919233322144e-02
-3.133044578135013580e-03
-3.001213539391756058e-03
-1.591882901266217232e-03
-5.626471829600632191e-04
-1.693104393780231476e-03
4.179551824927330017e-02
6.745158880949020386e-02
-2.261001849547028542e-03
4.336140677332878113e-02
-3.492593241389840841e-04
-1.031994912773370743e-02
-2.427383325994014740e-03
6.457571685314178467e-02
5.376432463526725769e-02
-8.695710450410842896e-03
-1.517137163318693638e-03
-4.375310963951051235e-04
-3.324197314213961363e-04
-1.910324674099683762e-03
2.841423265635967255e-04
-1.565635786391794682e-03
-6.230455473996698856e-04
-2.547098556533455849e-03
-1.113256555981934071e-03
-7.852457347325980663e-04
2.555962651968002319e-02
-1.275833346880972385e-03
-4.593482590280473232e-04
-9.493199759162962437e-04
-7.530376315116882324e-03
-4.591570759657770395e-04
-3.301338874734938145e-04
5.161681026220321655e-02
-1.092411577701568604e-03
5.573660880327224731e-02
-1.213720999658107758e-03
-1.678147818893194199e-03
-4.806194046977907419e-04
2.213254012167453766e-02
-5.660065799020230770e-04
-1.434849807992577553e-03
3.784319758415222168e-02
-1.882677432149648666e-03
-1.849118852987885475e-03
-3.053370746783912182e-04
3.539605811238288879e-02
-3.163246065378189087e-02
6.801918894052505493e-02
-1.205645268782973289e-03
-4.712780937552452087e-04
-1.058907248079776764e-03
8.262598514556884766e-02
-1.900294912047684193e-03
-3.342488489579409361e-04
-1.566028106026351452e-03
7.908123731613159180e-02
-2.107176929712295532e-03
-8.394887554459273815e-04
-2.140868455171585083e-04
-9.423014707863330841e-04
-1.591363456100225449e-03
-4.497639893088489771e-04
6.667777150869369507e-02
-2.244902774691581726e-03
-1.803139690309762955e-03
-2.470028586685657501e-03
-1.211147406138479710e-03
-1.734689460135996342e-03
3.864485025405883789e-02
-1.001182477921247482e-03
-9.689987637102603912e-04
-5.978952394798398018e-04
-6.173007568577304482e-05
5.502342060208320618e-02
-1.804445171728730202e-03
-2.989746397361159325e-03
-1.487266155891120434e-03
-1.703851041384041309e-03
-3.342085750773549080e-03
5.159148946404457092e-02
7.568450272083282471e-02
-1.717596082016825676e-03
-3.294832131359726191e-04
-1.146556111052632332e-03
2.435645833611488342e-02
-1.271391054615378380e-03
-1.688006916083395481e-03
-2.623053966090083122e-03
-1.552309142425656319e-03
-1.083775772713124752e-03
5.763413384556770325e-02
-2.240037079900503159e-03
-1.724288100376725197e-03
-2.416621660813689232e-03
-2.919808728620409966e-03
-9.096142603084445000e-04
7.526116073131561279e-02
-1.226270338520407677e-03
-3.091576881706714630e-02
-1.795891672372817993e-03
-3.001729783136397600e-04
-1.526248757727444172e-03
-3.986703231930732727e-03
-2.480539726093411446e-03
-1.542066573165357113e-03
-1.406334777129814029e-04
1.239928789436817169e-02
4.201691225171089172e-02
-1.878422917798161507e-03
-1.472896081395447254e-03
-5.867393338121473789e-04
1.705848239362239838e-02
3.101947018876671791e-03
-2.102526370435953140e-03
-1.250592526048421860e-03
-2.844274509698152542e-03
-1.536288415081799030e-03
3.804011270403862000e-02
-1.810607500374317169e-03
-1.831574598327279091e-03
-6.774126668460667133e-04
-1.726589747704565525e-03
-2.807249780744314194e-03
3.803640604019165039e-02
5.654793977737426758e-02
-1.229187357239425182e-03
-2.830840821843594313e-04
7.340803858824074268e-04
-1.302809221670031548e-03
-1.184526365250349045e-03
7.348944991827011108e-02
-1.842801575548946857e-03
4.722369834780693054e-02
-1.966735115274786949e-03
-3.681201196741312742e-04
7.213889039121568203e-04
-2.872837241739034653e-03
-1.643982715904712677e-03
-3.293330955784767866e-04
-8.252759464085102081e-03
9.992691129446029663e-02
-1.096449559554457664e-03
3.948026522994041443e-02
-7.851396803744137287e-04
-1.392392441630363464e-03
-4.898398765362799168e-04
-4.136282950639724731e-04
3.484133630990982056e-02
-2.297422615811228752e-03
-1.145751401782035828e-02
7.679368555545806885e-02
-2.025758149102330208e-03
-4.381425678730010986e-03
-1.802477287128567696e-03
-1.155728823505342007e-03
-6.986196967773139477e-04
-3.537720441818237305e-02
-1.351056620478630066e-03
-1.298382645472884178e-03
-3.055295383092015982e-04
-2.952761715278029442e-03
9.282838553190231323e-02
-2.529637655243277550e-03
2.332009002566337585e-02
3.695543110370635986e-02
2.190836519002914429e-02
7.738797366619110107e-02
6.370233744382858276e-02
1.614633761346340179e-02
-1.937830587849020958e-03
7.374250888824462891e-02
-1.585829304531216621e-03
-6.651020143181085587e-03
-9.863093728199601173e-04
-1.842579222284257412e-03
-2.502145711332559586e-03
-1.596260932274162769e-03
-1.731665804982185364e-02
3.160736709833145142e-02
5.732525885105133057e-02
-1.517363241873681545e-03
-1.127252471633255482e-03
-2.397292701061815023e-04
-2.786735258996486664e-02
-1.059236004948616028e-03
-1.331832841970026493e-03
-1.356330001726746559e-03
-7.761911023408174515e-03
-2.802974195219576359e-04
-9.070670930668711662e-04
-7.304677274078130722e-03
-2.271889708936214447e-03
5.353927984833717346e-02
-2.382172644138336182e-02
3.218503668904304504e-02
-2.353536896407604218e-03
-2.790562808513641357e-03
-3.001679142471402884e-04
-2.320021390914916992e-03
-1.301445765420794487e-03
2.032149396836757660e-02
-1.646376564167439938e-03
-1.156702404841780663e-03
7.294009625911712646e-02
